0.000000000,5.000000000,mean,-708.448,45.3258,9.01273,-8.28604,0.845817,1.12742,-3.54713,-5.97862,-1.20772,1.46929,5.85188,5.93374,3.69023,0.735977,-0.157399,0.366034,-1.1407,-1.88379,1.17754,2.17009,2.39437,"(mean value, continuous-time average)"1 
5.000000000,15.000000000,mean,-603.383,52.9437,-6.70951,-14.893,-0.0425728,0.177447,-16.7978,-9.15573,2.96503,-6.96401,-2.77093,4.46421,5.20371,4.96386,2.81228,4.8939,4.17828,-2.75585,-3.52225,-3.193,-0.4757,"(mean value, continuous-time average)"1 
20.000000000,5.000000000,mean,-605.618,46.6594,-9.13308,-12.8924,-1.90758,-0.713153,-18.6965,-5.04626,7.34576,-3.70481,-5.81703,-1.39713,-1.27704,-4.58516,-6.10311,-1.51279,2.99113,1.68211,3.46937,5.29541,6.86473,"(mean value, continuous-time average)"1 
25.000000000,25.000000000,mean,-609.914,48.3678,-11.5633,-15.8758,-1.86874,-1.14692,-20.177,-7.53455,5.10121,-7.77777,-5.59338,1.36689,0.334855,0.00769899,0.0590573,4.16664,6.06957,1.64675,2.29394,-0.0999104,-2.05511,"(mean value, continuous-time average)"1 
50.000000000,5.000000000,mean,-594.548,47.6211,-17.0709,-20.3818,-8.05113,-2.55734,-24.0358,-8.99232,6.81338,-4.41354,-2.51852,7.78459,6.34623,4.2078,1.98263,3.85648,7.61074,0.570606,0.0368136,-1.33558,-4.29267,"(mean value, continuous-time average)"1 
55.000000000,10.758911564,mean,-802.957,42.9438,3.99656,-10.6374,-0.436749,-2.20096,-10.1884,-5.16782,3.16625,-0.287162,0.465965,2.69024,-0.34341,-3.76716,-3.26613,1.05696,5.69874,4.39227,3.48849,1.44491,-1.0705,"(mean value, continuous-time average)"1 
0.000000000,5.000000000,mean,-683.205,50.0156,-1.25581,-7.937,-1.76248,-0.58294,-5.82372,-2.71899,1.14971,5.98912,4.82044,-0.695202,-4.60427,-6.53575,-6.03924,-2.88296,0.353132,0.905206,1.09842,-1.5814,-1.47263,"(mean value, continuous-time average)"1 
5.000000000,15.000000000,mean,-597.423,57.74,-1.36112,-8.23884,-3.14399,-0.471268,-6.58897,-3.33925,-0.282948,7.27942,6.95032,1.57669,-3.58396,-5.08041,-4.56332,-3.87402,-1.59976,-0.454155,2.18272,-0.784543,-1.13906,"(mean value, continuous-time average)"1 
20.000000000,5.000000000,mean,-570.822,62.3515,-6.84406,-6.50808,-6.89296,-7.03636,-21.7754,-4.96228,10.4194,-6.54715,-6.81004,0.599025,0.95799,2.39117,0.14474,6.14388,4.44312,-8.91065,-10.1164,-10.0505,-7.35108,"(mean value, continuous-time average)"1 
25.000000000,25.000000000,mean,-591.027,60.0801,-2.26793,-5.38524,0.836166,1.81148,-9.43972,-3.26363,2.44552,1.8707,0.972572,1.10963,-0.978243,-2.89008,-2.91561,-0.98323,0.564827,-1.29522,0.257145,-1.30604,-1.46562,"(mean value, continuous-time average)"1 
50.000000000,5.000000000,mean,-570.054,62.1448,-8.01584,-8.0409,-1.71555,0.654287,-15.637,-6.34393,3.28004,-2.0728,-2.20428,1.51449,-0.445864,-3.80999,-4.50754,2.33688,5.13309,0.34712,1.62329,0.394665,-1.88332,"(mean value, continuous-time average)"1 
55.000000000,236.271111110,mean,-588.538,58.3729,-4.91105,-6.45513,-0.117465,2.03242,-11.8396,-4.72099,2.20664,-0.546017,-0.289648,1.62376,-0.635653,-3.24064,-3.6606,-0.218076,1.71142,-2.02956,-1.18791,-1.91499,-2.36578,"(mean value, continuous-time average)"1 
0.000000000,5.000000000,mean,-701.837,49.4135,0.715225,-5.88511,5.58107,0.332807,-0.982726,-0.612351,0.367243,-0.209182,1.83324,1.69816,0.0511305,-2.02047,-1.22417,-0.728961,-0.706856,-0.333652,1.49719,-0.821309,-3.49949,"(mean value, continuous-time average)"1 
5.000000000,15.000000000,mean,-626.031,47.4297,-7.07559,-7.50519,1.65963,-4.58039,-5.92283,-4.19568,-1.41808,-0.8435,1.05223,-0.334704,-3.06933,-4.16065,-2.5296,-2.66378,-1.99323,-0.210692,1.04198,-0.495466,-0.972322,"(mean value, continuous-time average)"1 
20.000000000,5.000000000,mean,-587.232,52.4613,-10.5874,3.49707,3.87197,-1.49532,-3.4828,-2.01152,0.43405,0.337882,2.43076,0.235682,-4.01927,-3.54578,0.307273,0.459246,-0.354849,-1.15856,-1.07876,-0.955049,-0.32513,"(mean value, continuous-time average)"1 
25.000000000,25.000000000,mean,-640.732,46.0125,-0.0744365,-8.28872,0.823289,-3.54634,-7.99009,-5.69585,0.722197,-2.06993,-0.283491,2.7547,1.54829,-1.01039,-1.34858,-1.22465,-2.30606,-3.42166,-2.21371,-2.07066,-1.08414,"(mean value, continuous-time average)"1 
50.000000000,5.000000000,mean,-636.384,37.9291,-9.61681,-10.8329,-2.83397,-6.99425,-19.786,-13.4147,2.55684,-5.6351,-1.27556,6.36203,2.98121,-1.12721,-4.63879,-2.4838,-1.1373,-3.14474,-2.88374,-1.91226,-1.29282,"(mean value, continuous-time average)"1 
55.000000000,258.562267573,mean,-640.599,46.6285,-2.29543,-6.04716,1.55952,-3.754,-9.10079,-5.48351,0.579759,-2.41635,-0.0554362,2.05906,0.351538,-2.12435,-1.71322,-0.552804,-2.02381,-3.11399,-1.31523,-1.18517,-1.02583,"(mean value, continuous-time average)"1 
0.000000000,5.000000000,mean,-1123.45,18.2477,-20.3555,12.4011,-4.91501,7.21235,-4.08603,6.1284,-2.80773,4.90431,-3.28091,3.82455,-3.15265,4.69384,-1.5231,2.7941,-1.63489,3.5967,-2.76183,2.31591,-2.34809,"(mean value, continuous-time average)"2 
5.000000000,15.000000000,mean,-366.562,18.888,-16.8807,14.278,-6.67421,8.70485,-3.28828,7.58154,-2.55719,5.96817,-4.57619,4.32954,-3.1389,5.33705,-1.14547,3.82759,-2.67881,4.71613,-2.41256,2.70161,-2.7294,"(mean value, continuous-time average)"2 
20.000000000,5.000000000,mean,-364.573,12.7384,-17.581,12.3084,-3.59099,11.5496,-1.58247,9.13296,-1.53238,4.46048,-5.33766,4.34144,-3.38835,5.67886,0.559342,5.21834,-0.713488,3.51583,-4.09738,0.961806,-2.43202,"(mean value, continuous-time average)"2 
25.000000000,25.000000000,mean,-395.492,10.7048,-14.7435,12.739,-4.43636,10.2473,-2.51362,7.44837,-1.84279,5.98037,-3.58155,5.44538,-1.99595,5.09939,-2.04285,2.02642,-2.89805,4.71255,-1.13751,3.20198,-2.48492,"(mean value, continuous-time average)"2 
50.000000000,3.127256235,mean,-2735.43,-0.458849,-9.59738,2.60873,1.53069,4.50644,0.910448,1.86339,-1.90288,1.0328,-0.349771,0.0129423,-1.36707,2.15852,0.132549,1.7155,1.8221,2.44424,-0.636596,1.99646,-0.708755,"(mean value, continuous-time average)"2 
0.000000000,5.000000000,mean,-2853.19,37.9947,18.5557,-8.69909,-12.1903,-3.54189,-7.05512,-4.37011,-7.31996,-0.828171,-2.35957,0.71648,-4.26738,-2.25907,-5.53344,-0.496856,-1.09649,2.52298,-1.72175,-0.34319,-2.86421,"(mean value, continuous-time average)"2 
5.000000000,15.000000000,mean,-593.815,37.2856,27.4829,12.4127,-4.9238,3.20237,-6.86122,-1.24049,-6.4884,-0.687105,-4.37341,0.355739,-4.57944,1.88095,-2.96161,4.10016,0.125281,3.29235,-1.85314,0.998106,-4.80249,"(mean value, continuous-time average)"2 
20.000000000,5.000000000,mean,-546.906,40.2727,27.7564,25.4473,-3.43171,5.61143,-7.03397,-0.0697404,-5.18838,-0.274632,-5.42472,0.291485,-3.24172,3.36147,-4.1867,2.07511,-1.18402,3.66002,-0.350654,2.60359,-4.12508,"(mean value, continuous-time average)"2 
25.000000000,25.000000000,mean,-536.42,42.2227,23.2918,24.2868,-1.08235,8.17442,-6.81993,0.801245,-3.90158,0.789532,-3.83614,1.69453,-3.21955,2.9801,-3.22087,3.7987,-0.0323567,2.80651,-0.974831,2.54037,-3.16639,"(mean value, continuous-time average)"2 
50.000000000,5.000000000,mean,-549.771,43.2431,30.4998,25.3275,-1.8771,6.01457,-5.36734,0.588014,-4.25164,-0.458766,-5.99695,1.31344,-3.36619,4.11268,-1.25616,4.80797,1.15197,4.0349,-1.20855,0.887852,-5.41583,"(mean value, continuous-time average)"2 
55.000000000,265.992653060,mean,-577.769,49.2184,14.2428,14.2282,-1.75523,5.09488,-7.92353,-0.776939,-4.79932,-1.36832,-3.85874,1.31864,-4.06415,3.17705,-3.62076,3.6351,0.0265617,1.48413,-1.80202,2.03592,-3.85225,"(mean value, continuous-time average)"2 
0.000000000,5.000000000,mean,-1805.14,28.9433,19.438,1.07548,-8.29279,-1.19293,-7.14259,-4.97061,-9.68838,-2.20967,-3.45982,-2.3606,-5.02508,1.64979,-3.49887,0.732396,-2.43392,0.751286,-2.47546,0.103239,-5.48232,"(mean value, continuous-time average)"2 
5.000000000,15.000000000,mean,-573.699,45.3532,23.5591,12.3682,-6.34653,0.698378,-5.13861,-0.219793,-10.3289,-3.52395,-2.46435,-4.36502,-9.33618,-0.398679,-6.5689,0.365842,-5.05892,-3.06144,-5.80438,-1.82759,-8.2055,"(mean value, continuous-time average)"2 
20.000000000,5.000000000,mean,-590.891,46.1922,34.5401,13.2132,-7.42391,0.0826919,-5.63548,-0.174881,-6.38294,-0.087907,-1.68902,0.101139,-6.2148,-2.16305,-8.62184,-0.0470082,-3.55965,0.134166,-3.25807,1.21016,-4.9492,"(mean value, continuous-time average)"2 
25.000000000,25.000000000,mean,-557.504,51.3231,21.0034,8.56473,-6.33028,2.98605,-6.79512,-2.73723,-10.9109,-4.93232,-3.67171,-3.2183,-8.63634,-0.244794,-5.95263,2.91858,-0.944395,-1.22873,-5.02472,0.76747,-4.97246,"(mean value, continuous-time average)"2 
50.000000000,5.000000000,mean,-520.257,50.0868,4.91452,8.91428,-3.92002,-1.39604,-10.7531,-3.70522,-6.94543,-1.74056,-4.17253,3.2133,-5.06692,1.02079,-2.04702,5.21829,2.10776,8.06045,3.92223,6.09247,0.30681,"(mean value, continuous-time average)"2 
55.000000000,277.881269840,mean,-585.832,47.3895,13.0999,13.5899,-3.42045,4.60893,-6.79223,-1.79035,-5.47133,-0.453426,-2.43976,1.23739,-5.20574,2.31349,-2.57815,4.1754,0.0260153,2.89046,-1.02006,2.58081,-3.57878,"(mean value, continuous-time average)"2 
0.000000000,5.000000000,mean,-804.531,12.9442,-17.984,20.0124,-2.04011,11.6227,-3.33684,7.28833,-2.33851,5.75501,-3.18347,2.8081,-3.07752,3.21022,-2.54142,3.02111,-3.08307,2.33682,-3.66517,0.59531,-3.15163,"(mean value, continuous-time average)"2 
5.000000000,15.000000000,mean,-383.296,20.8202,-22.2146,16.4961,-3.49258,10.7553,-3.97454,6.93798,-0.432746,7.74399,-1.62674,3.50013,-1.83852,4.04274,-1.25343,2.63679,-3.14484,2.06657,-3.30166,0.664048,-3.14458,"(mean value, continuous-time average)"2 
20.000000000,5.000000000,mean,-420.122,21.8552,-9.90137,15.7363,-1.13844,13.153,-1.58286,11.0059,2.72327,10.7324,-0.552887,3.1323,-1.99287,3.10383,-1.74271,2.82035,-3.33392,2.95826,-1.61401,0.543888,-2.92759,"(mean value, continuous-time average)"2 
25.000000000,25.000000000,mean,-386.165,23.189,-14.0085,15.8299,-1.57499,10.7589,-3.12359,9.64667,2.31087,9.80248,-0.617775,3.47647,-4.23381,3.45576,-0.851892,3.57346,-3.22517,4.81607,-0.746674,1.14606,-1.99589,"(mean value, continuous-time average)"2 
50.000000000,5.000000000,mean,-358.842,7.70241,-17.3018,20.337,0.138257,13.775,-1.64741,9.09359,1.14104,10.4177,-0.173853,3.54547,-3.58587,3.37316,-3.11549,4.0459,-3.00917,3.63661,-1.86038,1.73563,-2.9133,"(mean value, continuous-time average)"2 
55.000000000,227.354648525,mean,-414.881,21.3231,-16.3925,15.4504,-3.29753,11.0607,-3.74863,9.2155,0.954521,8.01836,-1.88397,4.31947,-2.60547,4.4587,-0.921062,3.58262,-3.20706,2.46418,-2.46778,1.32882,-1.90742,"(mean value, continuous-time average)"2 
0.000000000,5.000000000,mean,-901.58,-34.0815,-2.37992,9.1569,-0.105458,5.18547,-1.62164,3.37626,-0.610306,6.01932,-2.0411,4.33198,-2.44299,3.08273,-2.23945,1.99181,-2.33461,2.35209,-1.05717,3.15285,-1.69687,"(mean value, continuous-time average)"2 
5.000000000,15.000000000,mean,-420.322,-20.9806,-4.95659,11.2358,-2.62242,4.73573,-4.00387,4.14205,-1.12548,6.82358,-1.48408,5.04474,-2.25185,3.23993,-2.65166,2.3252,-2.77392,2.45403,-1.84035,2.22051,-2.49735,"(mean value, continuous-time average)"2 
20.000000000,5.000000000,mean,-353.375,17.0208,-13.0028,16.9238,-6.14042,9.2237,-4.88419,7.56845,0.783161,7.41649,-1.47939,6.91132,-1.89395,5.02949,-1.57286,3.33932,-1.37478,3.07082,-1.62986,2.17065,-3.12943,"(mean value, continuous-time average)"2 
25.000000000,25.000000000,mean,-370.871,14.0876,-11.61,15.6688,-1.5975,9.94937,-6.38245,6.4847,-0.585845,6.21367,-3.20424,6.20353,-2.23033,3.84816,-2.07529,3.26852,-2.12057,3.08248,-2.38819,1.35622,-2.68102,"(mean value, continuous-time average)"2 
50.000000000,5.000000000,mean,-388.914,16.5306,-13.8613,16.3046,-0.178752,8.90008,-7.90513,6.4489,-0.83811,4.8851,-4.17161,5.43685,-2.38718,2.8753,-3.00499,3.53433,-3.25408,2.55543,-2.55091,0.174229,-2.83791,"(mean value, continuous-time average)"2 
55.000000000,249.645804988,mean,-401.807,16.3973,-16.6913,11.9661,-4.8288,7.98054,-7.82541,6.49521,-2.51985,5.64259,-4.1904,4.76192,-3.15564,3.66313,-2.52144,3.12174,-1.96898,3.76044,-1.81884,1.62666,-1.7751,"(mean value, continuous-time average)"2 
0.000000000,5.000000000,mean,-1728.54,50.179,2.24242,6.82483,6.23611,0.245104,-7.80254,0.707326,-6.40281,-2.00425,-0.567837,3.55038,-2.12098,0.550849,-4.86597,2.90715,-0.64349,1.75431,-1.41355,1.55523,-2.97374,"(mean value, continuous-time average)"2 
5.000000000,15.000000000,mean,-529.485,60.3052,1.06135,2.36603,4.27948,0.139975,-9.09865,0.138527,-8.06405,-1.59119,0.0224762,3.31376,-3.89865,3.33617,1.14492,10.0473,4.15641,6.03593,1.24726,2.03307,-4.33555,"(mean value, continuous-time average)"2 
20.000000000,5.000000000,mean,-592.126,54.1127,29.4071,12.2693,6.08985,4.09436,-3.8516,2.19761,-5.85813,0.334616,0.669368,4.91132,-3.19999,-1.15943,-7.62971,0.126124,-1.92602,1.78535,-3.53626,-0.480095,-5.59809,"(mean value, continuous-time average)"2 
25.000000000,25.000000000,mean,-537.234,61.5598,3.2878,1.35717,3.18303,-0.644073,-9.78574,-0.758139,-7.95134,-1.86133,-0.65612,3.52396,-3.86154,2.52225,0.429769,8.93183,3.55528,5.55225,0.378654,2.19932,-3.54795,"(mean value, continuous-time average)"2 
50.000000000,5.000000000,mean,-589.138,57.5299,31.3729,9.56849,4.42689,4.24455,-3.65281,2.13313,-6.42808,-1.30818,-2.12851,2.82931,-3.67951,0.435443,-5.13436,0.881487,-2.0825,1.9669,-2.90347,0.975465,-2.25105,"(mean value, continuous-time average)"2 
55.000000000,242.215419500,mean,-603.051,56.6977,14.1241,14.285,-0.991528,5.04259,-6.56433,-0.745462,-5.72942,-2.12603,-1.20484,-0.0969573,-5.5675,3.35712,-2.76539,3.58822,-0.854252,1.35964,-2.70085,1.02628,-3.88072,"(mean value, continuous-time average)"2 
0.000000000,5.000000000,mean,-896.345,11.4281,-23.7184,11.9993,0.298566,1.12245,-4.38286,4.58267,0.488222,11.3277,-0.53269,3.27159,0.447051,5.08633,-0.600564,2.40024,-5.10451,1.97578,-1.47274,4.15654,0.202684,"(mean value, continuous-time average)"2 
5.000000000,15.000000000,mean,-378.06,36.9835,-25.445,14.6773,1.21593,7.59228,-3.37543,6.79909,0.13509,8.70205,-1.59892,4.19324,0.250728,6.42472,-0.606922,2.8146,-1.73847,3.85808,-0.359294,2.08986,-1.92078,"(mean value, continuous-time average)"2 
20.000000000,5.000000000,mean,-403.651,25.7572,-7.33067,12.9621,3.56913,13.5173,-1.62908,7.44702,-1.41356,9.92563,0.699783,5.0207,-2.77894,2.81036,-2.04764,3.98308,-2.5897,4.76983,-1.58973,3.11458,-1.01643,"(mean value, continuous-time average)"2 
25.000000000,25.000000000,mean,-394.449,26.9384,-5.37662,14.4673,1.0408,11.0827,-1.7294,9.56006,1.32195,8.56448,-0.864664,4.54401,-3.60813,2.88657,-2.20149,4.10504,-3.02106,4.27418,-1.1082,2.92708,-1.05741,"(mean value, continuous-time average)"2 
50.000000000,5.000000000,mean,-365.794,30.7676,-8.14195,17.0791,-1.84476,6.09172,-6.71866,6.96027,0.172706,8.75558,0.686904,5.69557,-3.45676,3.71728,-3.1454,5.1957,-3.36068,4.44671,-2.35714,1.41724,-2.99011,"(mean value, continuous-time average)"2 
55.000000000,263.020498865,mean,-390.435,24.6996,-15.3973,8.92243,-5.20454,7.79435,-5.17966,9.92192,-1.04016,6.16979,-0.573562,5.20375,-2.51619,3.54877,-1.47556,4.17633,-1.65096,4.8146,-2.20541,1.98327,-1.40948,"(mean value, continuous-time average)"2 
0.000000000,5.000000000,mean,-645.059,49.3719,-20.131,10.3068,-8.04271,1.56965,-8.72689,-1.56929,-10.8603,-1.80254,-4.14701,-0.389115,-3.38542,1.25898,0.182388,5.73986,0.557867,1.83021,-0.560154,0.0739829,-2.59461,"(mean value, continuous-time average)"1 
5.000000000,15.000000000,mean,-512.644,53.0417,-22.8579,7.46584,-7.96218,0.509247,-10.3616,-1.10973,-9.75455,1.65175,-2.77765,0.100092,-6.25232,0.627158,-1.97911,3.92438,-2.16897,0.883093,-1.96794,-1.31851,-4.72507,"(mean value, continuous-time average)"1 
20.000000000,5.000000000,mean,-492.301,58.3276,-15.5875,13.5129,-1.86439,4.22187,-5.08754,2.3182,-5.74148,3.48082,-1.04922,1.18961,-5.94211,0.717957,-3.49662,0.668593,-5.30678,-0.885259,-3.47399,-0.959644,-6.77207,"(mean value, continuous-time average)"1 
25.000000000,25.000000000,mean,-478.928,55.3878,-14.3795,11.9047,-2.31253,3.9893,-6.2805,1.26261,-7.66731,2.78494,-2.43664,-0.554056,-6.07233,0.205962,-2.54836,2.97438,-2.77866,-0.598849,-4.3095,-2.84155,-6.14014,"(mean value, continuous-time average)"1 
50.000000000,5.000000000,mean,-458.091,45.9111,-14.8303,11.7428,-1.42231,1.88816,-5.95624,1.43289,-6.72099,5.07625,-0.863539,1.54076,-3.77681,2.90914,-1.97019,1.67627,-4.0651,-0.50422,-2.84914,-0.454106,-4.82285,"(mean value, continuous-time average)"1 
55.000000000,39.737414965,mean,-671.967,63.6025,-7.19071,14.1496,0.590988,5.96165,-3.65679,3.34271,-4.3223,3.3479,0.440524,0.719408,-4.15274,0.0531262,-0.527034,2.22563,-0.953471,-1.13429,-2.69064,-3.59946,-4.26035,"(mean value, continuous-time average)"1 
0.000000000,5.000000000,mean,-1802.47,39.5383,15.7174,-9.87467,-9.34178,0.26858,-7.67712,-3.43219,-5.28491,-2.54685,-5.53717,0.601841,-1.23937,1.58197,-4.88364,1.11308,-1.09932,3.12816,-0.784364,2.32282,0.705202,"(mean value, continuous-time average)"2 
5.000000000,15.000000000,mean,-576.809,52.338,23.9853,3.64946,-12.9235,0.000369184,-9.43091,-4.33856,-7.58436,-3.73431,-5.71271,-3.52621,-5.02972,1.52937,-6.49885,1.80201,-2.57806,-1.49786,-4.10209,1.13282,-4.16009,"(mean value, continuous-time average)"2 
20.000000000,5.000000000,mean,-591.173,55.0101,30.1138,4.73656,-7.982,1.25899,-6.90464,-6.13444,-10.3283,-3.39237,-4.36887,-0.907883,-3.84688,3.00354,-4.97688,1.52029,-1.69138,1.00468,-2.79322,0.268168,-4.95438,"(mean value, continuous-time average)"2 
25.000000000,25.000000000,mean,-572.231,49.2242,21.5236,7.3039,-9.27907,4.37798,-6.72485,-4.63957,-10.126,-4.38472,-4.29573,-4.92189,-7.38829,2.02019,-5.7508,0.608986,-3.23973,-1.18144,-3.09542,0.753866,-6.00711,"(mean value, continuous-time average)"2 
50.000000000,5.000000000,mean,-545.97,54.069,17.2178,9.36039,-11.6706,4.4056,-9.92209,-6.3567,-8.15723,-5.60283,-5.93611,-7.22716,-9.28704,0.60482,-6.61426,0.481459,-3.90229,-3.34414,-7.31884,-0.392068,-4.34708,"(mean value, continuous-time average)"2 
55.000000000,275.280634920,mean,-608.58,52.9736,15.8549,13.3006,-2.69152,3.19019,-6.95105,-1.07829,-5.4324,-1.35418,-2.68633,-1.21864,-5.91866,3.1238,-3.47141,2.60445,-1.18879,0.810898,-2.95504,0.98504,-4.36154,"(mean value, continuous-time average)"2 
0.000000000,5.000000000,mean,-965.217,-11.2427,-6.99917,13.3865,0.902379,3.62176,-2.77533,5.41873,-0.0886073,4.88055,-0.788765,3.98751,-2.45888,2.71143,0.0590351,4.17418,-1.04724,3.55331,-1.61215,1.77446,-1.96119,"(mean value, continuous-time average)"2 
5.000000000,15.000000000,mean,-393.804,10.0045,-6.97436,14.2178,1.97063,9.97285,-0.415383,7.2295,-0.243448,5.71007,-1.88405,3.79097,-2.48804,3.24049,-0.901071,3.41022,-1.90933,2.92347,-2.31452,1.50135,-2.20189,"(mean value, continuous-time average)"2 
20.000000000,5.000000000,mean,-379.905,17.7567,-12.2633,7.08334,1.93246,8.82608,-0.333315,5.2854,-1.10857,5.20747,-2.13991,2.24344,-1.71198,4.39465,0.233708,4.05086,-1.47172,2.99398,-3.12836,1.24611,-1.98255,"(mean value, continuous-time average)"2 
25.000000000,25.000000000,mean,-362.55,13.1004,-10.3806,13.2191,-0.827251,8.79314,-2.95283,6.71278,-0.400906,5.726,-2.93004,3.2642,-3.16908,2.56662,-2.43965,2.93356,-3.02737,3.14083,-1.79809,2.21353,-1.49936,"(mean value, continuous-time average)"2 
50.000000000,5.000000000,mean,-371.462,15.7217,-6.93872,11.6802,-0.0103486,7.07262,-2.06709,6.92888,0.687796,4.6921,-5.1115,3.32619,-2.78971,2.00733,-3.74431,2.81432,-3.28444,4.06094,0.624436,2.88915,-0.97057,"(mean value, continuous-time average)"2 
55.000000000,266.364172335,mean,-424.857,19.9223,-13.2181,14.4059,0.146209,11.3687,-3.28465,9.25677,0.710096,6.85024,-2.9359,3.87756,-3.4844,3.29459,-1.51013,4.37169,-1.90038,3.1756,-2.15054,2.36046,-1.59844,"(mean value, continuous-time average)"2 
0.000000000,5.000000000,mean,-1816.97,47.6836,10.2498,6.51289,6.58418,-0.724253,-10.6977,3.22943,-6.19377,-3.9956,-2.79311,4.24557,-3.04576,-2.32404,-3.76884,3.01245,-0.213956,3.1098,1.70859,6.2683,5.24145,"(mean value, continuous-time average)"2 
5.000000000,15.000000000,mean,-576.52,54.9587,27.8745,13.9389,9.40175,1.60202,-12.717,3.0147,-7.88289,-4.42008,-5.4561,2.99516,-4.15865,-0.490557,-3.34432,2.80517,-1.73309,1.7266,-1.39156,3.11589,0.606553,"(mean value, continuous-time average)"2 
20.000000000,5.000000000,mean,-561.986,44.8077,25.9066,19.7869,4.31866,10.3915,-5.16933,4.21874,-3.0075,0.388971,-3.52885,1.9426,-6.78052,-0.502685,-4.02981,2.41265,0.226636,3.88583,-0.841139,2.09427,-2.47749,"(mean value, continuous-time average)"2 
25.000000000,25.000000000,mean,-540.861,50.6305,26.5105,19.3753,1.54454,10.6712,-5.34401,3.79003,-4.16625,0.0920449,-2.53456,1.00579,-6.04598,1.2667,-4.16459,1.81022,-1.42853,-0.0268387,-3.1653,0.816783,-2.95925,"(mean value, continuous-time average)"2 
50.000000000,5.000000000,mean,-533.095,52.9448,29.4518,25.4782,-0.0410204,5.08343,-7.63472,2.01988,-4.66287,0.73293,-4.14775,-2.60746,-7.60644,1.71021,-4.02424,2.42083,-1.19955,-0.629867,-4.45314,-0.838728,-5.57476,"(mean value, continuous-time average)"2 
55.000000000,281.224943310,mean,-596.138,38.1065,24.2163,17.8897,-0.341509,12.394,-3.19008,4.28414,-3.46532,2.10378,-2.37881,2.81446,-3.80817,2.98398,-2.25976,2.56492,-0.379555,1.62721,-2.1343,0.816253,-3.83692,"(mean value, continuous-time average)"2 
0.000000000,5.000000000,mean,-1789.2,29.0503,27.3237,12.088,-0.880932,11.3863,-2.12551,4.27036,-0.926356,1.74004,-1.33196,3.63085,-2.12745,3.9574,-0.236631,4.17302,0.971855,3.17515,-0.688861,1.56574,-3.15464,"(mean value, continuous-time average)"2 
5.000000000,15.000000000,mean,-530.954,37.6983,26.3467,16.7429,-1.97125,16.0691,-4.67845,2.26669,-3.10544,-0.118957,-2.92839,2.00442,-3.33334,5.01011,-0.962967,5.10153,0.437257,2.34701,-1.93297,2.30791,-3.42446,"(mean value, continuous-time average)"2 
20.000000000,5.000000000,mean,-514.417,48.1706,23.1068,18.1278,-0.200062,15.396,-4.11568,-0.192536,-7.72021,-1.21015,-0.732315,0.56323,-3.99587,5.35972,-2.10702,4.16956,-0.484793,0.973747,-2.6024,3.56999,-3.6618,"(mean value, continuous-time average)"2 
25.000000000,25.000000000,mean,-510.758,43.7125,18.1283,19.1247,-5.12987,13.8364,-5.31551,0.382202,-6.29624,-0.487617,-1.40248,-2.56307,-4.74777,5.65264,-1.77776,3.47243,-1.19108,1.93873,-1.99296,2.87456,-3.42547,"(mean value, continuous-time average)"2 
50.000000000,5.000000000,mean,-509.357,49.6472,20.1708,16.0307,-7.65182,13.8839,-10.1884,-1.19531,-0.934249,0.221897,-1.33547,-3.4885,-5.6336,7.53793,-0.42392,6.11004,0.230258,0.956014,-3.14811,1.60608,-2.96822,"(mean value, continuous-time average)"2 
55.000000000,205.063492063,mean,-507.692,45.3015,3.63087,10.3173,-3.63281,7.8585,-7.3902,-0.0162046,-4.82123,1.27779,-0.356132,1.76478,-3.6865,4.74628,-1.38347,4.77729,0.648376,3.14387,-2.06347,1.10834,-4.10816,"(mean value, continuous-time average)"2 
0.000000000,5.000000000,mean,-854.464,11.4193,-16.5592,11.6636,-1.59988,8.56225,-2.96927,7.66555,-2.26523,4.56739,-3.64743,2.12486,-3.38356,2.18036,-3.6119,2.28081,-3.19177,3.0966,-2.76795,1.74088,-2.51005,"(mean value, continuous-time average)"2 
5.000000000,15.000000000,mean,-369.831,16.0051,-18.9705,8.18903,0.721442,8.47728,-1.19274,8.08452,-0.509689,5.48731,-2.28901,2.65296,-3.03455,3.98906,-2.5647,2.83579,-1.90279,4.50238,-1.02513,3.04592,-0.666591,"(mean value, continuous-time average)"2 
20.000000000,5.000000000,mean,-381.475,17.2593,-13.0144,6.85987,0.970594,9.2679,-0.586146,8.06374,0.96242,8.24223,-1.92264,2.2268,-2.80809,5.07135,-3.16437,3.35079,-1.40764,6.32693,1.17915,3.10049,-0.947735,"(mean value, continuous-time average)"2 
25.000000000,25.000000000,mean,-335.706,17.2838,-18.567,8.06213,-3.63949,7.17407,-2.77491,7.3943,-1.37926,6.19934,-2.36003,3.60786,-2.54254,4.92302,-1.93195,3.21786,-2.386,5.86664,-0.526456,2.3576,-1.96358,"(mean value, continuous-time average)"2 
50.000000000,5.000000000,mean,-342.225,15.8295,-21.0428,11.4339,-3.57643,10.7784,-1.83652,9.86526,0.0702217,6.41043,-0.998545,4.11394,-3.61479,3.32307,-2.04033,3.71251,-2.77581,5.24092,-0.246536,3.20665,-2.2068,"(mean value, continuous-time average)"2 
55.000000000,154.908390022,mean,-541.078,11.096,-23.0519,8.64238,-5.6992,7.13933,-5.00822,8.41365,-0.932394,5.62605,-2.66635,3.59997,-2.85785,4.13544,-1.72757,3.97691,-2.65538,4.93321,-0.690518,3.18389,-1.39576,"(mean value, continuous-time average)"2 
0.000000000,5.000000000,mean,-1571.07,48.5278,-0.278922,9.7299,-2.13088,8.16959,-3.41415,3.67102,-6.25113,1.88851,-2.41046,2.60108,1.44031,3.99624,-0.0684268,-1.99046,-1.60797,0.498978,-0.377791,-1.21852,-2.09338,"(mean value, continuous-time average)"3 
5.000000000,15.000000000,mean,-475.003,44.5471,-9.01043,14.1461,-3.9254,7.16327,-3.45549,5.00003,-6.03799,4.34646,-1.30318,2.95472,1.57088,4.45094,-2.56326,-1.76928,-2.94008,2.17947,-2.27554,0.29896,-2.09784,"(mean value, continuous-time average)"3 
20.000000000,5.000000000,mean,-452.557,59.8518,-5.89952,12.6575,0.307806,8.31194,1.37515,5.66362,-4.23328,5.39697,-0.724908,2.9373,1.06385,4.66199,-2.10923,-0.359127,-3.17644,3.08646,-2.61287,0.224713,-3.84963,"(mean value, continuous-time average)"3 
25.000000000,25.000000000,mean,-413.336,49.5767,-8.95512,13.6729,-4.3113,6.7717,-0.57347,4.27978,-5.41582,5.30708,-0.887556,3.14257,0.453861,3.5106,-3.50526,-0.0215575,-1.96635,4.1045,-2.22986,0.507021,-4.16616,"(mean value, continuous-time average)"3 
50.000000000,5.000000000,mean,-362.643,38.4329,-5.4918,12.9982,-5.83959,2.36804,-2.69197,2.87843,-6.48018,4.95166,-4.04453,1.85648,2.21299,5.07348,-3.02127,2.83309,-0.725998,3.94867,-3.48738,-0.0150203,-5.31929,"(mean value, continuous-time average)"3 
55.000000000,111.440634920,mean,-432.192,49.0471,-11.5543,12.5685,-0.133746,7.6065,-0.774208,3.77617,-4.25813,5.12611,-0.174863,2.97222,1.17509,3.5651,-2.63375,0.537127,-2.47159,3.15126,-2.33845,-0.379633,-4.57941,"(mean value, continuous-time average)"3 
0.000000000,5.000000000,mean,-2100.28,26.8758,33.6077,20.5324,13.7726,11.4782,4.98206,7.45803,4.43284,6.24844,1.32158,0.403243,-1.3569,2.75115,1.31566,2.32326,-2.69254,0.191908,-0.950816,1.32077,-0.168192,"(mean value, continuous-time average)"3 
5.000000000,15.000000000,mean,-531.044,21.6961,29.2416,32.4288,9.71561,15.956,3.87601,10.6542,5.43638,6.01407,1.15135,2.71921,-1.52389,3.84119,-0.680191,3.94663,-2.26007,0.707794,-0.786247,1.77129,-1.49562,"(mean value, continuous-time average)"3 
20.000000000,5.000000000,mean,-445.141,14.4775,-0.813293,42.6665,11.3682,10.7815,-0.981056,11.3226,5.45112,6.81795,-1.00964,1.87694,0.858356,1.32585,-3.50148,4.97969,-2.51216,2.42794,-1.78004,1.94925,-0.571729,"(mean value, continuous-time average)"3 
25.000000000,25.000000000,mean,-435.804,16.5198,2.3837,37.11,6.57618,12.7366,0.249526,10.1856,4.18873,6.27134,-0.20776,2.86782,-0.00994286,3.19769,-1.33891,4.92624,-2.95023,1.72453,-1.94262,2.00383,-0.787732,"(mean value, continuous-time average)"3 
50.000000000,5.000000000,mean,-314.806,12.8954,-23.2609,27.9525,0.193787,17.3297,-7.43186,5.35905,-2.47882,6.85196,-1.06015,-1.39245,-4.93582,5.54228,0.374581,6.49648,-4.92303,-0.606075,-2.47256,2.49049,-1.43084,"(mean value, continuous-time average)"3 
55.000000000,177.199546484,mean,-424.601,23.1618,-5.43005,31.8803,6.12854,13.8523,-2.6406,7.65544,0.507795,6.28108,-0.792596,0.815551,-3.25459,4.37745,-0.734452,5.01304,-3.89121,0.898602,-1.8304,1.71671,-1.37257,"(mean value, continuous-time average)"3 
0.000000000,5.000000000,mean,-736.077,81.08,15.6662,22.0058,-12.5758,9.74671,-4.4528,4.48526,-3.93744,-4.49558,2.26433,-4.67471,1.89857,-6.53316,0.665742,-3.34113,2.3809,-3.61292,-3.67065,-8.46296,-7.3221,"(mean value, continuous-time average)"3 
5.000000000,15.000000000,mean,-621.078,87.2402,11.7412,22.6821,-12.0444,9.33547,-9.26014,4.43966,-8.09221,0.422967,-0.694433,-0.654493,0.0943692,-3.23161,-0.00460981,-3.13802,-1.1414,-4.28705,-4.12478,-7.11241,-5.27432,"(mean value, continuous-time average)"3 
20.000000000,5.000000000,mean,-523.971,63.3899,5.89865,22.2871,-7.29611,4.17057,-9.16272,1.6079,-11.4656,6.85654,-7.2878,-2.76314,-0.890551,1.11734,-1.38971,0.63436,-8.27035,-2.49974,-5.57876,-5.01649,-7.75544,"(mean value, continuous-time average)"3 
25.000000000,25.000000000,mean,-551.107,71.0208,7.552,20.397,-9.81287,8.62815,-6.77944,3.72724,-10.3041,0.181066,-0.244105,0.715476,-2.53976,-0.817483,-1.37311,-3.24437,-4.46591,-3.31147,-2.77383,-5.61337,-4.17405,"(mean value, continuous-time average)"3 
50.000000000,5.000000000,mean,-523.604,69.0718,16.8873,20.6202,-9.09189,2.09957,-2.43884,2.08284,-8.86796,0.859653,-0.177023,0.339828,1.78533,1.9939,-3.17415,-0.995883,-2.73173,-1.64873,-1.7371,-3.64189,-2.46363,"(mean value, continuous-time average)"3 
55.000000000,348.098412698,mean,-458.172,42.0902,2.4781,18.176,-3.41928,7.55059,-2.03086,5.31677,-4.06759,3.32769,-1.53915,1.59957,-1.58018,2.59238,-3.93933,1.45786,-2.82945,0.123434,-2.18156,-2.05311,-3.93825,"(mean value, continuous-time average)"3 
0.000000000,5.000000000,mean,-495.091,59.3384,-33.942,13.7828,6.72217,2.2234,-2.35764,-3.49049,-3.84337,4.32433,-3.07255,-3.47186,-4.58651,0.959068,1.03639,2.9883,-4.68418,-2.12315,-1.65142,-1.48652,-3.28971,"(mean value, continuous-time average)"3 
5.000000000,15.000000000,mean,-329.727,37.6229,-23.3674,16.7002,-1.10099,8.2597,-7.78789,-0.309195,-4.3988,3.47196,-4.0445,-2.22657,-7.13836,1.59135,-1.18698,3.08004,-5.3971,-1.1988,-3.3446,-0.0526167,-3.87691,"(mean value, continuous-time average)"3 
20.000000000,5.000000000,mean,-324.644,32.9311,-24.314,21.9065,-3.5255,8.96963,-9.50271,1.54403,-4.89907,3.23662,-4.8627,-1.71835,-7.86129,1.92824,-2.38629,2.37411,-4.75005,-0.398459,-3.51927,0.962818,-4.37184,"(mean value, continuous-time average)"3 
25.000000000,25.000000000,mean,-316.02,27.3856,-22.2039,16.4204,-2.56683,9.00161,-6.42676,0.75999,-4.53024,2.98768,-3.83715,-2.13332,-6.13099,2.17636,-1.97571,2.31317,-5.01301,-0.724634,-3.71084,0.185233,-3.70523,"(mean value, continuous-time average)"3 
50.000000000,5.000000000,mean,-318.309,29.2175,-25.2551,17.335,-1.20894,10.0147,-7.03174,0.756692,-5.39283,3.26782,-3.47994,-2.53299,-6.61886,2.05681,-1.97592,2.29225,-5.18981,-1.07784,-4.41263,0.438481,-3.96997,"(mean value, continuous-time average)"3 
55.000000000,128.902040815,mean,-326.599,27.9734,-31.8399,20.4565,4.32344,10.5175,-9.11019,0.0125692,-6.58054,2.5662,-4.87027,-1.46107,-6.22109,1.85897,-2.35039,2.72139,-5.35061,-1.44917,-3.81743,0.798568,-3.54851,"(mean value, continuous-time average)"3 
0.000000000,5.000000000,mean,-407.751,29.291,-33.7572,1.1277,-23.7899,5.4463,-9.48079,8.34124,-2.27411,0.377889,-2.33635,4.13822,-3.07855,1.7842,-3.23348,2.2994,-1.81158,4.99222,-4.85292,-2.88432,-5.54779,"(mean value, continuous-time average)"3 
5.000000000,15.000000000,mean,-319.982,28.7121,-25.4031,12.5183,-12.6234,7.96501,-11.1833,-0.75271,-6.16824,2.65156,0.356357,3.23876,-3.92825,2.87597,-2.7444,1.47789,-3.47307,3.33182,-1.62307,-1.08964,-4.74437,"(mean value, continuous-time average)"3 
20.000000000,5.000000000,mean,-337.183,16.555,-25.3875,18.964,-9.45201,10.5505,-8.59659,-0.111591,-5.11146,3.19718,0.89477,3.27018,-4.04354,3.0495,-1.30242,1.8524,-3.68349,3.09816,-0.722866,0.225197,-3.61868,"(mean value, continuous-time average)"3 
25.000000000,25.000000000,mean,-510.406,12.7508,-4.32055,29.5265,2.37524,12.4902,-4.26021,-0.152651,-4.87734,1.3745,-0.222646,1.68244,-1.044,1.70199,-0.66617,1.99711,-4.22496,0.277065,-2.47617,-1.27063,-5.222,"(mean value, continuous-time average)"3 
50.000000000,5.000000000,mean,-433.825,39.1767,-5.50021,24.8257,-6.06148,7.2232,-9.75819,-1.69148,-5.74141,-0.683828,-1.59392,-0.311794,-3.67288,0.281291,-3.03007,0.591765,-4.74257,0.805198,-2.09796,0.685629,-3.27911,"(mean value, continuous-time average)"3 
55.000000000,168.654603174,mean,-408.752,28.7479,-19.4628,18.1436,-7.13469,7.67029,-9.82194,-0.667775,-6.50453,0.615147,-1.24979,1.86604,-3.71925,1.80016,-2.1813,1.33912,-4.02663,1.64028,-2.32447,-0.128853,-4.12905,"(mean value, continuous-time average)"3 
0.000000000,5.000000000,mean,-786.181,30.3604,-0.351822,18.4503,0.271425,6.70868,-2.92985,0.778759,-6.81458,-0.872731,-5.11501,0.854784,-0.143452,1.76228,-2.69183,-1.56303,-2.54314,2.14735,2.48468,2.67932,2.28187,"(mean value, continuous-time average)"1 
5.000000000,15.000000000,mean,-665.537,34.4166,-7.50254,13.1399,-4.0674,4.92732,-5.90539,0.0398978,-10.0157,-4.19636,-7.71067,0.169021,-0.274751,0.336624,-4.09794,-2.13082,-1.83741,3.7689,1.64807,1.60314,1.22862,"(mean value, continuous-time average)"1 
20.000000000,5.000000000,mean,-631.138,30.077,-7.96959,13.8919,-6.54707,2.48378,-6.70767,-1.27625,-10.2567,-4.30368,-8.19001,-0.381389,-1.6482,2.01772,-3.85928,-2.18004,-4.29907,0.322677,-1.01322,-1.55966,-1.36424,"(mean value, continuous-time average)"1 
25.000000000,25.000000000,mean,-580.955,24.2284,-6.65096,11.5358,-6.50161,-0.271364,-10.1086,-3.81891,-11.2577,-3.69869,-6.90637,1.07339,-3.70267,-0.601003,-2.79361,3.76011,0.666439,4.26801,0.0997491,0.461021,-1.37251,"(mean value, continuous-time average)"1 
50.000000000,5.000000000,mean,-551.659,24.4567,-7.63557,11.0173,-7.10747,0.0563848,-9.15977,-1.26839,-10.4785,-7.34454,-10.8969,-1.68629,-5.3341,0.0804075,-0.249498,6.09211,1.08775,2.31497,-1.91467,0.131842,-1.17491,"(mean value, continuous-time average)"1 
55.000000000,474.043446711,mean,-548.164,26.0697,-4.64422,12.4587,-5.25392,2.25054,-7.99665,-1.41479,-8.21076,-3.77435,-7.68734,-0.33992,-4.36819,-0.251716,-1.80924,2.5606,-1.80879,0.679932,-2.62694,-0.542063,-1.99843,"(mean value, continuous-time average)"1 
0.000000000,5.000000000,mean,-741.295,40.6118,-9.77925,7.0341,2.59292,-14.9447,-17.8578,-3.89173,-4.16149,5.0725,4.52592,6.7504,5.80043,3.68606,1.16711,2.322,-3.58804,-5.07514,-3.83632,-1.0619,3.14082,"(mean value, continuous-time average)"3 
5.000000000,15.000000000,mean,-458.223,53.0962,1.94856,18.3364,5.2089,-0.370506,-7.04459,7.98982,2.89643,7.03433,-1.99259,0.509863,-3.42463,-0.140553,-1.20141,3.826,0.95063,2.96596,0.255665,-0.199856,-3.72249,"(mean value, continuous-time average)"3 
20.000000000,5.000000000,mean,-456.913,45.9678,5.20513,21.6648,0.827702,6.15101,-5.32711,2.82851,-2.84278,5.8248,-0.39162,-0.367558,-2.11774,1.68546,-4.77086,0.805201,-2.07377,0.338212,-2.42993,-1.40636,-2.00642,"(mean value, continuous-time average)"3 
25.000000000,25.000000000,mean,-442.724,56.109,0.541949,15.9493,-2.42362,-0.56021,-4.32197,6.79952,-0.27112,2.66653,-0.714228,-1.71427,-1.65402,3.52189,-4.0575,0.566628,-2.18089,0.712115,-1.76825,-0.346392,-2.39283,"(mean value, continuous-time average)"3 
50.000000000,5.000000000,mean,-461.181,48.2796,5.20024,22.3138,1.46607,2.00011,-4.01665,4.20756,0.115528,3.56247,-1.32574,2.87879,-1.99902,2.52756,-2.73119,1.16421,-0.449978,0.407668,-2.48908,-1.12141,-3.95832,"(mean value, continuous-time average)"3 
55.000000000,333.237641722,mean,-441.387,47.8173,-6.54181,11.7728,-1.46576,2.83331,-2.78843,5.47212,-1.79309,3.84671,-1.90082,2.05121,-1.57208,2.33218,-2.97181,2.13113,-0.655068,1.74839,-1.78941,0.0442476,-2.598,"(mean value, continuous-time average)"3 
0.000000000,5.000000000,mean,-646.617,47.96,32.8153,33.35,19.3455,18.5486,6.48724,11.0842,5.4237,6.48901,2.45222,2.63937,1.44518,0.430061,1.55602,0.695632,2.57541,0.930562,1.23726,-1.21618,1.66134,"(mean value, continuous-time average)"3 
5.000000000,15.000000000,mean,-563.584,57.0244,0.855377,16.298,21.8645,18.5554,-0.282181,8.22098,1.28324,5.66406,2.71591,6.98502,0.0311916,3.59001,3.06765,5.64807,-1.04966,-1.72045,-2.02794,3.1845,4.04127,"(mean value, continuous-time average)"3 
20.000000000,5.000000000,mean,-475.346,50.2979,-2.91351,13.1174,-4.21469,10.3673,1.60828,5.48815,4.97522,10.1488,-0.799473,4.82487,0.620624,4.85745,-0.382533,4.35827,1.16671,3.58224,0.495673,0.253306,-0.426669,"(mean value, continuous-time average)"3 
25.000000000,25.000000000,mean,-427.568,42.9737,-6.12011,15.6299,-0.840111,9.10743,-0.309609,7.30769,-0.694514,9.4038,-2.20174,5.73292,-2.16127,4.53248,-2.95871,4.53533,1.09915,5.40023,-0.252733,1.49868,-3.0035,"(mean value, continuous-time average)"3 
50.000000000,5.000000000,mean,-390.273,42.6633,-3.83445,15.1821,-1.74939,5.95653,-7.33633,4.80583,-8.5144,2.84317,-4.70649,5.91462,-0.758238,7.34405,0.769625,6.77253,0.653959,5.28571,-2.72213,1.38519,-3.59641,"(mean value, continuous-time average)"3 
55.000000000,333.609160997,mean,-408.548,39.2604,-9.4375,15.3307,0.561372,5.82441,-7.26486,5.59665,-3.31288,6.11667,-2.61758,3.93961,-2.43276,3.60451,-2.70955,3.93281,-0.461003,2.3483,-2.08427,1.28617,-3.5096,"(mean value, continuous-time average)"3 
0.000000000,5.000000000,mean,-645.785,57.0423,11.7407,-4.66928,15.7896,13.1966,1.68434,-0.400598,-3.77356,-0.351634,-1.63332,-3.34567,-8.14301,-3.62832,-3.62184,0.185223,-2.12072,0.55211,-1.70348,-0.199103,-4.20705,"(mean value, continuous-time average)"3 
5.000000000,15.000000000,mean,-474.553,44.9063,-0.633923,13.5638,-6.70912,6.41245,-6.64094,2.33438,-2.57036,-1.34618,-5.03126,-0.697225,-5.88312,-3.75609,-4.87776,0.337358,-3.39691,-1.28043,-2.59239,0.245475,-3.79089,"(mean value, continuous-time average)"3 
20.000000000,5.000000000,mean,-428.082,35.4726,-10.7866,11.5883,-4.53545,9.83063,-5.83191,2.87827,-3.33862,-0.684493,-3.18928,1.97853,-2.76963,-0.617254,-2.4253,3.31739,-0.370563,0.718305,-3.61223,-0.988407,-4.81533,"(mean value, continuous-time average)"3 
25.000000000,25.000000000,mean,-415.238,29.4881,-6.81282,12.7701,-6.99229,6.27061,-8.48723,2.84049,-5.20961,-2.27093,-5.02913,0.33415,-4.63511,-1.13142,-4.33449,0.843314,-2.66354,0.158853,-3.19765,-0.744783,-3.67799,"(mean value, continuous-time average)"3 
50.000000000,5.000000000,mean,-439.65,38.6636,-4.19832,10.7741,-1.46151,8.48359,-5.18423,3.92388,-3.27398,-0.296507,-3.59866,0.44512,-4.3981,-0.124251,-2.55847,1.63096,-2.22746,0.169409,-2.75986,-1.58155,-5.36776,"(mean value, continuous-time average)"3 
55.000000000,111.812154194,mean,-397.25,22.1967,-11.1673,10.6197,-1.36976,8.33052,-8.82024,0.999213,-6.13412,-1.02516,-1.94816,-0.0516276,-4.39276,-0.993168,-3.56498,1.48412,-1.66662,1.99498,-2.93593,0.538983,-3.29228,"(mean value, continuous-time average)"3 
0.000000000,5.000000000,mean,-666.325,21.2648,-4.08978,15.0718,26.4108,9.30258,4.31814,1.37551,-4.54928,-0.581426,-5.79721,-7.17469,-6.27719,-1.93412,-0.622496,3.24044,-3.89338,-5.87392,-6.17089,-1.8201,-1.02992,"(mean value, continuous-time average)"3 
5.000000000,15.000000000,mean,-509.802,52.672,6.00074,18.8122,21.4221,16.3287,1.18313,10.8073,5.22916,8.13877,2.86207,2.59978,-0.285839,1.76575,-3.28885,1.54169,-1.42858,4.05979,-1.55655,4.5116,0.417126,"(mean value, continuous-time average)"3 
20.000000000,5.000000000,mean,-500.579,58.009,8.83037,16.326,17.865,17.6116,0.514918,10.6067,2.86908,5.6438,3.26866,3.57223,-1.03644,3.2988,-2.29935,1.38572,-1.79289,3.52742,-1.94421,2.60896,-1.3712,"(mean value, continuous-time average)"3 
25.000000000,25.000000000,mean,-508.054,54.3061,7.10049,19.9922,19.081,14.9342,2.21759,9.91363,4.92669,7.42781,2.06785,3.02707,-0.883081,2.81215,-2.89901,0.949445,-2.0379,4.27505,-1.74627,3.46546,-0.00856554,"(mean value, continuous-time average)"3 
50.000000000,5.000000000,mean,-504.083,52.5591,10.3361,18.1871,18.6024,17.0895,-1.8412,9.31058,5.31643,8.24358,3.35874,3.96417,-1.52099,5.98761,-2.6203,1.47358,-0.954101,3.48978,-4.56363,1.1428,-2.03932,"(mean value, continuous-time average)"3 
55.000000000,123.700770974,mean,-529.793,54.3769,7.13842,18.3904,21.3969,15.2947,2.05353,9.62987,3.64062,7.50205,2.30872,1.82019,-1.37095,3.71044,-2.50472,0.875696,-2.09449,3.48602,-1.43006,2.15488,-1.68769,"(mean value, continuous-time average)"3 
0.000000000,5.000000000,mean,-630.426,91.1456,-24.1101,0.839645,-0.527371,5.93943,-17.443,4.75602,-10.8276,3.61717,-11.8488,-1.6733,2.71506,2.3164,-8.0086,-5.57978,-1.20498,0.0360711,3.28446,-6.63035,-1.08536,"(mean value, continuous-time average)"3 
5.000000000,15.000000000,mean,-503.774,99.453,-28.641,-19.0288,4.75457,4.89446,-11.6393,3.4414,-9.24601,-1.09426,-10.0814,0.38426,-0.528202,-1.04232,-10.1377,-2.53827,-1.53834,-1.23374,-2.03963,0.0292276,0.192649,"(mean value, continuous-time average)"3 
20.000000000,5.000000000,mean,-511.645,104.495,-14.4651,-14.2758,3.93873,5.23774,-8.95423,4.43935,-7.48051,-1.69528,-9.57777,2.0203,3.16524,-1.96508,-11.5518,-0.584028,1.9947,1.3474,-0.207143,1.78906,-1.44797,"(mean value, continuous-time average)"3 
25.000000000,25.000000000,mean,-503.149,106.052,-12.5439,-8.58889,10.0855,7.66039,-4.41236,8.03484,-4.96629,2.66278,-3.31766,5.02828,5.07915,0.372488,-12.3804,-2.27836,2.49687,2.45124,-0.412561,0.936588,-2.44407,"(mean value, continuous-time average)"3 
50.000000000,5.000000000,mean,-617.58,87.0795,20.3115,8.11496,-6.09569,7.59135,-6.2712,6.19222,-3.9719,-0.302049,-3.46271,-1.52439,1.33914,-5.00778,-6.27186,-7.25036,2.28162,-2.71204,-0.301883,-4.80941,0.41762,"(mean value, continuous-time average)"3 
55.000000000,219.552743763,mean,-405.63,35.591,4.71348,16.0929,-6.84125,6.84644,-2.40529,7.38406,-2.83565,3.45914,-1.57103,2.38564,-3.54052,1.59317,-5.26823,0.354733,-3.0382,1.22841,-2.96942,-1.65943,-3.03198,"(mean value, continuous-time average)"3 
0.000000000,5.000000000,mean,-390.537,26.359,9.95531,12.8465,-11.0695,7.86689,0.271796,8.28332,-3.04634,1.85121,-3.70516,1.6761,-2.6754,3.2842,-4.73749,-0.0768562,-3.908,0.850372,-2.19612,-0.500577,-2.46323,"(mean value, continuous-time average)"3 
5.000000000,15.000000000,mean,-454.28,54.2671,8.4606,16.3131,-6.34998,9.26999,-3.15394,6.09409,0.622499,1.9877,-0.964225,-1.68042,-4.16256,1.23351,-5.21524,-2.46292,-8.61027,-1.50085,-1.47802,-0.0894911,-4.76338,"(mean value, continuous-time average)"3 
20.000000000,5.000000000,mean,-460.466,59.454,6.28889,18.3478,-5.95404,12.5811,-2.22402,5.41045,1.05419,1.62543,-0.685282,-2.83015,-3.5798,2.41846,-4.62382,-3.48133,-10.3565,-1.81884,-1.97725,0.326366,-3.82936,"(mean value, continuous-time average)"3 
25.000000000,25.000000000,mean,-446.901,55.3522,0.703909,19.7493,-6.71022,12.2351,-0.497859,6.63634,1.71752,1.12464,-2.1528,-1.72318,-3.31433,1.81775,-5.37152,-1.81332,-8.9843,-1.45314,-1.74863,-0.861796,-4.61552,"(mean value, continuous-time average)"3 
50.000000000,5.000000000,mean,-433.53,58.3864,-0.236749,19.535,-6.73304,11.8968,-2.56806,5.63385,1.58037,0.693225,0.281004,-3.6818,-3.68703,0.190374,-5.67734,-1.8806,-10.1409,-1.14058,-2.38006,-0.649089,-4.73823,"(mean value, continuous-time average)"3 
55.000000000,77.632380952,mean,-426.832,52.1728,1.12979,17.3487,-11.4796,11.1909,-0.73791,6.16044,0.732152,-0.542408,-2.85913,-1.54014,-4.81195,1.90996,-5.70144,-0.0527709,-6.4917,-1.77072,-2.67994,-1.42245,-4.49812,"(mean value, continuous-time average)"3 
0.000000000,5.000000000,mean,-762.302,54.2367,-1.85054,-1.11358,-4.69168,-1.54402,-2.5894,2.23167,-2.90853,-2.70554,-4.58076,-0.697733,-3.52214,-1.68937,-3.12125,0.49262,-2.40853,0.862983,-1.94206,0.887111,-1.59943,"(mean value, continuous-time average)"3 
5.000000000,15.000000000,mean,-441.003,49.8515,-10.4222,6.03847,-14.8227,8.41552,-8.31031,2.98563,-2.92337,-2.54441,-5.9054,-1.14594,-5.45304,-1.62045,-4.0305,0.510323,-2.36054,1.07849,-3.0162,2.0338,-1.61357,"(mean value, continuous-time average)"3 
20.000000000,5.000000000,mean,-436.826,45.3471,-13.2612,7.89468,-16.1654,8.93582,-8.62383,1.42623,-3.37632,-3.14029,-5.84462,-2.18033,-3.87976,-1.27876,-3.6672,-0.516642,-3.52305,1.28677,-3.22491,0.987178,-2.66966,"(mean value, continuous-time average)"3 
25.000000000,25.000000000,mean,-398.059,52.3834,-9.54634,12.558,-10.4875,10.4872,-8.41334,1.33623,-3.40359,-1.17283,-4.66635,-1.03093,-3.46826,0.799196,-0.38237,1.93153,-2.86703,1.65913,-2.73456,0.553136,-3.15002,"(mean value, continuous-time average)"3 
50.000000000,5.000000000,mean,-435.328,47.876,-11.8527,13.0674,-12.8347,7.91194,-3.69537,1.52177,-3.8045,-2.41653,-6.07953,-1.75435,-4.31913,-1.53526,-3.13068,1.06739,-2.74762,1.46877,-2.51122,0.690135,-3.09313,"(mean value, continuous-time average)"3 
55.000000000,145.620408162,mean,-421.503,35.4673,-8.42159,13.5156,-11.7193,9.18985,-6.3734,0.934009,-3.32497,-1.38901,-5.25703,-1.04416,-4.12492,0.0888409,-2.46136,2.22769,-2.98698,1.06906,-2.3163,0.369962,-3.07718,"(mean value, continuous-time average)"3 
0.000000000,5.000000000,mean,-684.027,41.0435,-3.84296,19.5512,-2.55246,8.7088,-2.17349,5.65931,1.20059,3.90269,-3.70515,0.149329,-2.94022,-1.60978,-1.5379,2.44087,0.977145,3.73037,1.7445,2.62092,0.276266,"(mean value, continuous-time average)"1 
5.000000000,15.000000000,mean,-527.387,27.2129,2.12515,15.6788,-0.911032,6.82681,-3.43775,1.46925,-4.70153,-1.33458,-8.64371,-1.71136,-4.378,0.605411,-1.74344,1.35923,-0.736666,4.28797,-0.391363,1.30673,-2.24527,"(mean value, continuous-time average)"1 
20.000000000,5.000000000,mean,-533.308,25.9434,2.03402,14.7754,-1.5922,4.80694,-6.18539,-1.67561,-7.74877,-4.7829,-10.8912,-3.60967,-5.49573,1.77652,-0.719974,1.00499,-3.20286,1.6125,-2.75023,0.936721,-3.15738,"(mean value, continuous-time average)"1 
25.000000000,25.000000000,mean,-531.783,28.1711,2.14148,15.6585,-1.22721,6.08397,-4.49783,0.835366,-4.75046,-1.43809,-8.47416,-1.78623,-4.7151,0.685111,-1.58765,1.62484,-1.13271,3.43465,-1.1974,1.86331,-1.94023,"(mean value, continuous-time average)"1 
50.000000000,5.000000000,mean,-550.29,33.452,-0.236092,18.0178,-1.93118,7.38953,-4.24785,1.41963,-4.45232,0.0995627,-8.27305,-1.41521,-4.88046,-0.117298,-3.19264,1.55557,0.416282,5.15354,0.542889,2.33466,-2.07224,"(mean value, continuous-time average)"1 
55.000000000,13.731065759,mean,-741.386,36.229,7.15711,14.4752,-0.787346,6.60322,-0.996772,4.30676,-1.72909,0.31975,-5.12282,-0.40906,-2.31168,1.11633,0.16392,1.71119,0.0864828,2.53109,1.04404,0.809199,-0.888637,"(mean value, continuous-time average)"1 
0.000000000,5.000000000,mean,-748.27,61.1602,-6.74814,2.89784,-6.29643,1.0067,-7.81862,-2.27715,-9.96288,-1.45611,-3.53085,-3.39589,-5.39869,-1.54717,-2.66978,-0.218853,-0.689746,-0.1573,-1.41825,-3.40652,-1.5249,"(mean value, continuous-time average)"1 
5.000000000,15.000000000,mean,-575.585,86.1704,-8.53223,7.33508,-3.85941,2.68985,-8.46772,0.269074,-12.2938,-0.994229,-6.5664,-5.18509,-10.7797,-2.03731,-4.15758,0.912768,-1.1335,0.0506543,-1.7931,-2.33666,-3.8045,"(mean value, continuous-time average)"1 
20.000000000,5.000000000,mean,-567.841,92.7982,-7.9156,8.72228,-6.58636,0.872093,-10.0028,-0.288354,-15.6772,-0.820475,-10.5687,-6.85891,-12.4008,-2.58647,-4.45216,0.443625,-0.704734,0.101144,-0.935862,-2.30624,-2.2241,"(mean value, continuous-time average)"1 
25.000000000,25.000000000,mean,-555.417,83.813,-10.9046,6.62895,-4.0956,2.14844,-9.57449,-0.42205,-11.3621,-0.673108,-6.83407,-5.04217,-12.5515,-3.64833,-3.70845,0.218287,-3.5149,0.890638,-1.31595,-3.04995,-4.17803,"(mean value, continuous-time average)"1 
50.000000000,5.000000000,mean,-543.336,86.6919,-9.32249,8.28413,-4.17778,1.62832,-10.3576,0.0502635,-13.6443,-2.53796,-8.98569,-5.52759,-12.0044,-3.86976,-4.40327,0.608722,-1.65635,0.80899,-0.281804,-2.31875,-6.68585,"(mean value, continuous-time average)"1 
55.000000000,155.279909296,mean,-526.182,58.7806,-19.6477,-0.863872,-8.90037,-5.04989,-15.4084,-5.62252,-14.5992,-3.35456,-7.9017,-4.69821,-11.7195,-2.99168,-1.77728,3.03423,-2.01277,1.76042,0.116809,-0.79587,-4.24063,"(mean value, continuous-time average)"1 
0.000000000,5.000000000,mean,-687.455,46.6237,3.46698,10.0013,-1.60749,1.79734,-4.37088,0.0136828,-8.75713,-1.95115,-2.88264,-1.46154,-4.06052,1.11624,0.266994,2.29521,-1.29449,2.62371,1.05856,-0.701043,-2.22865,"(mean value, continuous-time average)"1 
5.000000000,15.000000000,mean,-515.795,55.0347,0.705881,10.6887,-1.75836,4.37295,-4.59665,2.28715,-7.70589,-0.133955,-2.4412,0.997871,-2.46157,2.24667,-0.618458,3.72158,-1.23102,1.72045,-1.56267,-0.718321,-2.67546,"(mean value, continuous-time average)"1 
20.000000000,5.000000000,mean,-502.717,55.524,0.589907,3.45678,-5.11436,2.07023,-7.90158,-1.83729,-10.1572,0.0452026,-2.71399,3.2263,-0.993433,2.7073,0.639476,4.99001,1.43412,1.85538,-3.24002,-2.85786,-7.01112,"(mean value, continuous-time average)"1 
25.000000000,25.000000000,mean,-505.977,55.3264,-0.651566,4.21514,-7.22928,-1.54922,-8.88505,-1.14601,-9.95644,-0.815549,-3.9593,-0.209067,-4.10171,0.503326,-1.00136,3.55842,-0.143057,1.93954,-3.0098,-0.794627,-2.52383,"(mean value, continuous-time average)"1 
50.000000000,5.000000000,mean,-513.641,53.3122,-0.966503,3.26839,-7.95941,-1.40958,-10.3242,-3.40828,-12.5301,-1.99288,-3.32817,2.6862,-2.21697,1.2568,-0.254204,3.64001,-0.0934881,1.85613,-3.37019,-1.45824,-3.89748,"(mean value, continuous-time average)"1 
55.000000000,86.177324262,mean,-548.839,54.9933,1.26014,5.16093,-6.10808,-1.11266,-8.4712,-0.575003,-8.88182,0.706792,-1.38511,1.93278,-2.49659,1.05334,-0.76619,2.64439,-0.578306,0.802394,-3.12012,-2.1599,-4.18309,"(mean value, continuous-time average)"1 
0.000000000,5.000000000,mean,-675.418,42.3601,-5.88761,12.3288,-6.82111,0.808324,-6.57291,-0.0127707,-8.82258,-1.98598,-3.88535,0.0982063,-2.06482,3.77058,4.01036,5.36537,1.78438,2.74621,1.74543,-0.654142,-3.52856,"(mean value, continuous-time average)"1 
5.000000000,15.000000000,mean,-528.91,55.4871,-4.82914,13.439,-9.43163,1.48046,-8.34316,-2.78031,-13.3223,-3.1528,-4.82192,0.398653,-5.10037,-0.504354,-3.86336,-0.1309,-3.5061,-0.103203,-1.83665,-1.0642,-3.17599,"(mean value, continuous-time average)"1 
20.000000000,5.000000000,mean,-540.339,44.3473,-5.21579,8.67494,-10.1065,1.29305,-7.66527,-2.1189,-10.7531,-4.91301,-7.20685,0.0302236,-5.73923,-1.60647,-7.30044,-2.59706,-5.14916,0.902698,-0.246452,1.1633,-3.33924,"(mean value, continuous-time average)"1 
25.000000000,25.000000000,mean,-518.837,55.4924,-6.14433,11.8584,-9.29973,0.840656,-9.94733,-1.89157,-10.6763,-0.22079,-2.36328,3.02143,-3.9259,-1.06836,-3.89932,1.31199,-2.7491,0.0430342,-1.56069,-0.798141,-5.05789,"(mean value, continuous-time average)"1 
50.000000000,5.000000000,mean,-522.025,54.8087,-9.38371,10.1849,-11.0778,-1.38182,-14.1671,-5.04773,-11.3279,4.64571,2.27099,6.30162,-1.02538,0.786725,-2.60315,0.854047,-1.44534,2.98613,3.6883,3.96225,-2.41513,"(mean value, continuous-time average)"1 
55.000000000,146.363446711,mean,-542.004,55.3941,-3.73629,11.8999,-9.1113,0.504674,-9.98262,-1.01327,-9.2698,0.483374,-2.04678,2.20825,-4.22809,-0.720557,-3.23834,0.707011,-3.38565,-0.751551,-2.44704,-1.76298,-4.93234,"(mean value, continuous-time average)"1 
0.000000000,5.000000000,mean,-706.339,55.7363,-15.549,2.21159,-11.4027,-3.89751,-10.7152,-3.78864,-13.9499,-3.52295,-4.25994,-3.17006,-6.22875,1.19207,-2.44954,1.13867,-0.567552,1.3883,-0.580752,-2.47036,-1.26833,"(mean value, continuous-time average)"1 
5.000000000,15.000000000,mean,-603.288,73.5971,-14.9995,9.39622,-9.3524,5.65659,-6.40109,0.56746,-12.9936,-2.9755,-6.56622,-5.43168,-9.9168,-3.826,-6.68766,-4.75643,-4.56433,-2.01247,-2.72455,-2.28532,-0.738998,"(mean value, continuous-time average)"1 
20.000000000,5.000000000,mean,-618.673,84.7832,-7.784,14.8779,-9.68664,4.14862,-6.41402,5.47893,-9.07609,3.54299,-3.71152,-7.19246,-7.92549,-2.30837,-7.16563,-5.43105,-4.74301,-3.97952,-4.18836,-7.08661,-2.05652,"(mean value, continuous-time average)"1 
25.000000000,25.000000000,mean,-575.896,75.3523,-15.0591,7.46333,-7.85421,1.75816,-8.3052,0.346787,-11.0879,-0.428671,-3.5082,-2.91344,-7.43727,-0.929164,-4.34522,-1.68604,-3.86985,-1.7965,-3.34818,-3.67846,-3.42133,"(mean value, continuous-time average)"1 
50.000000000,5.000000000,mean,-496.08,55.6611,-21.9035,2.47561,-3.65634,-0.137709,-8.09057,-4.49155,-12.98,-3.49706,-7.82529,-7.2604,-13.3234,-1.04394,-3.61082,-2.23799,-5.73084,-4.52839,-11.6891,-5.78791,-6.06309,"(mean value, continuous-time average)"1 
55.000000000,133.360272108,mean,-570.416,67.5237,-18.0686,5.85516,-4.73545,-0.0312319,-9.24291,-1.88815,-10.1935,-0.620005,-3.78586,-3.015,-8.80044,-1.23436,-3.11795,-0.275509,-4.01038,-1.57328,-4.27386,-3.78528,-4.11656,"(mean value, continuous-time average)"1 
0.000000000,5.000000000,mean,-685.097,44.3538,0.0668855,4.75531,-7.25919,2.17432,-8.87574,-1.20427,-7.40041,0.335544,-0.280661,1.41945,0.0969266,2.36153,0.00965603,2.15667,-0.0966805,1.58776,-1.45795,-1.05057,-3.57147,"(mean value, continuous-time average)"1 
5.000000000,15.000000000,mean,-499.865,50.8887,-2.95715,6.74519,-6.41307,0.0926392,-9.85658,0.087941,-9.40468,0.949521,-0.60282,1.75978,-4.92849,-0.171168,-3.15636,1.18482,-4.69637,-0.0145985,-2.96815,-1.57111,-5.12095,"(mean value, continuous-time average)"1 
20.000000000,5.000000000,mean,-508.362,45.5783,-9.30571,-1.59013,-12.9096,-5.75321,-14.3546,-1.9118,-8.68814,2.18869,0.0755968,2.30478,-7.14391,-5.91111,-7.16575,-0.797819,-2.5907,0.328201,-4.98462,-4.65638,-4.8196,"(mean value, continuous-time average)"1 
25.000000000,25.000000000,mean,-502.732,52.0206,-2.66226,4.73601,-8.21663,-0.944369,-10.62,-0.453466,-9.84468,0.263635,-1.78913,1.77175,-4.7126,-0.864241,-3.63666,2.00369,-3.24732,1.85627,-2.53881,-1.08672,-4.75698,"(mean value, continuous-time average)"1 
50.000000000,5.000000000,mean,-485.868,48.4141,-1.39369,4.35319,-6.18884,0.711363,-10.337,-1.3582,-9.66849,0.883098,-1.031,2.95801,-3.06371,1.78065,-1.49076,2.88189,-5.07482,-1.95807,-6.95916,-4.52646,-5.81567,"(mean value, continuous-time average)"1 
55.000000000,153.422312924,mean,-526.038,47.8733,-2.54839,5.41235,-6.98129,-1.18353,-9.88787,-0.0306578,-8.48852,1.18385,-0.466885,2.21402,-4.86337,-1.05586,-3.11063,1.76285,-3.04039,1.177,-2.5848,-1.85406,-4.83027,"(mean value, continuous-time average)"1 
0.000000000,5.000000000,mean,-785.649,45.0067,-9.06496,4.98355,-6.41488,-3.42432,-5.26976,-1.14981,-8.0695,-0.243724,0.533834,0.972183,-0.470491,3.07076,7.36118,7.558,7.2164,5.06647,3.99429,3.06809,2.88141,"(mean value, continuous-time average)"1 
5.000000000,15.000000000,mean,-604.511,45.3127,-39.9165,-2.29417,-14.4416,-5.69804,-12.3731,-3.1126,-14.3761,-1.06994,0.748872,3.55706,-2.95481,5.2906,6.06655,10.1129,7.11114,7.52477,7.15184,2.6636,-0.15864,"(mean value, continuous-time average)"1 
20.000000000,5.000000000,mean,-600.588,52.4484,-46.8778,-12.037,-18.6559,-7.6674,-17.4833,-5.17103,-13.5046,0.762153,1.39133,5.04709,1.04378,10.8497,11.0762,13.9482,7.15032,6.68331,1.92942,-2.57093,-2.63716,"(mean value, continuous-time average)"1 
25.000000000,25.000000000,mean,-555.792,72.7497,-23.3715,2.10811,-7.69176,-0.639782,-10.9198,-1.90905,-14.7134,-2.51857,-6.0225,-2.9822,-10.7643,-1.45747,0.134243,3.38006,-1.71887,0.136616,-0.470775,-3.12685,-4.39448,"(mean value, continuous-time average)"1 
50.000000000,5.000000000,mean,-541.151,76.8673,-11.4871,5.42848,-2.37989,-1.00827,-4.21023,3.55441,-6.63302,2.48117,-2.52584,-2.51822,-10.5346,-1.58535,-3.41832,1.19025,-4.37729,-1.46768,-0.413258,-0.675499,-3.69073,"(mean value, continuous-time average)"1 
55.000000000,226.611609976,mean,-541.57,74.1995,-8.28214,5.97108,-2.11818,2.16932,-5.37836,1.25196,-7.94966,1.53679,-2.62799,-1.67367,-9.02232,-1.4145,-1.697,2.57349,-1.60327,0.69535,-1.88467,-2.18556,-4.81589,"(mean value, continuous-time average)"1 
0.000000000,5.000000000,mean,-713.925,51.8141,-3.60924,-3.6171,-7.96496,5.43332,-6.15054,-2.96,-14.6141,-3.80558,-10.7302,-3.34886,-6.58759,-2.58208,-4.41185,2.57465,4.59961,2.96145,0.741221,2.75742,1.3081,"(mean value, continuous-time average)"1 
5.000000000,15.000000000,mean,-620.346,66.0137,-10.26,-6.18846,-9.64226,4.95224,-6.72496,-1.72238,-19.0094,-2.97809,-12.5368,-8.41825,-13.1526,-3.15861,-5.33402,-0.0880323,1.38848,2.14538,-1.5923,1.80559,0.91846,"(mean value, continuous-time average)"1 
20.000000000,5.000000000,mean,-543.38,48.7185,-29.4947,-15.9067,-13.5631,-3.99503,-14.4011,-10.6639,-20.312,-4.90095,-11.7128,-2.1017,-6.39664,4.21356,4.90765,8.60453,6.94399,7.07121,-0.19575,4.87133,-1.41953,"(mean value, continuous-time average)"1 
25.000000000,25.000000000,mean,-550.571,77.0764,-8.72526,-1.66334,-4.01117,2.93927,-7.64395,-1.87012,-13.4705,-0.310191,-8.43073,-3.54083,-10.6686,-0.264558,-2.97276,1.39045,-0.958193,1.18559,-2.02262,-0.752211,-3.5416,"(mean value, continuous-time average)"1 
50.000000000,5.000000000,mean,-496.757,66.5008,-4.055,-4.00881,-4.33195,3.44253,-7.5913,-5.98321,-13.5066,-0.482039,-7.57135,-3.17677,-12.8156,-1.40513,-4.3034,-0.150802,-2.69299,0.633041,-4.21735,-2.30199,-6.20554,"(mean value, continuous-time average)"1 
55.000000000,381.163628117,mean,-490.928,58.4975,-8.53415,4.26952,-2.41301,3.3665,-6.2397,-0.966099,-9.71384,-0.590512,-4.44945,-0.405537,-7.692,-1.30857,-3.87865,0.709806,-4.61072,-0.61813,-3.28505,-2.06974,-5.9243,"(mean value, continuous-time average)"1 
0.000000000,5.000000000,mean,-757.061,22.4071,8.35341,1.99347,-6.67984,8.58698,-8.35052,3.76708,-5.55862,0.967428,-4.57438,0.57003,-7.21996,-1.10511,0.144648,1.0613,1.86797,1.16154,-2.83937,-3.51101,-2.79047,"(mean value, continuous-time average)"3 
5.000000000,15.000000000,mean,-455.041,5.54706,9.89882,7.58016,-11.7071,7.06968,-8.70866,3.00687,-10.5328,-0.0498323,-4.82136,1.89849,-6.40008,0.292309,-2.64584,-2.03378,-3.9052,-0.656709,-3.7514,-4.53001,-6.51086,"(mean value, continuous-time average)"3 
20.000000000,5.000000000,mean,-458.086,6.08268,7.48306,7.49918,-15.5307,3.16042,-12.5421,0.959261,-10.7327,0.0707463,-4.9963,1.84796,-5.97077,1.16965,-2.2694,0.17377,-2.86184,-0.535181,-4.90938,-3.5055,-3.55739,"(mean value, continuous-time average)"3 
25.000000000,25.000000000,mean,-459.576,4.09403,11.3094,7.62803,-14.5521,5.88833,-10.2514,1.69259,-11.3753,0.614711,-5.49408,1.92428,-5.55766,0.933749,-2.45631,-1.57413,-3.13748,-0.786744,-4.54806,-4.17461,-4.79318,"(mean value, continuous-time average)"3 
50.000000000,5.000000000,mean,-452.903,5.08907,7.93236,3.7733,-17.6345,2.45644,-12.7392,0.930282,-10.8492,-0.240925,-6.39479,1.34915,-4.91409,1.68753,-2.3972,-1.50988,-3.16076,-0.862026,-5.62119,-4.00645,-3.55729,"(mean value, continuous-time average)"3 
55.000000000,144.134331065,mean,-545.516,10.3344,3.65315,5.23734,-11.2016,6.43445,-13.0832,-1.90881,-12.8137,0.158697,-2.3812,4.10562,-3.71783,1.23708,-1.03989,-1.52368,-2.60403,-1.31375,-4.10669,-4.75618,-5.22214,"(mean value, continuous-time average)"3 
0.000000000,5.000000000,mean,-1571.48,3.05069,4.78468,16.7406,17.1524,8.94159,4.86203,8.06965,4.49343,2.25443,-0.965418,3.65065,5.83154,2.09856,-5.5102,1.0392,3.2987,1.90834,-0.963031,0.892783,-2.04612,"(mean value, continuous-time average)"3 
5.000000000,15.000000000,mean,-631.697,14.7489,2.61455,20.1409,14.6225,9.17486,1.17548,7.16836,0.706792,2.64668,-1.66312,1.51213,0.939413,1.08697,-4.1936,0.750853,-1.2978,2.1367,-0.979875,0.512061,-3.76455,"(mean value, continuous-time average)"3 
20.000000000,5.000000000,mean,-378.863,21.1932,2.37357,19.145,13.2416,8.99596,0.412983,7.04078,-2.23308,1.77491,-3.75218,-0.0820256,-1.69713,0.864936,-2.48417,2.00192,-2.66473,2.22365,-0.878251,0.206465,-4.49161,"(mean value, continuous-time average)"3 
25.000000000,25.000000000,mean,-363.619,24.5426,0.083978,15.3775,8.34654,6.21549,-1.25706,6.83247,-1.94526,3.30493,-2.28172,1.12511,-0.337043,1.82841,-3.07926,0.52887,-4.02134,1.57342,-1.05317,0.34119,-3.98349,"(mean value, continuous-time average)"3 
50.000000000,5.000000000,mean,-344.846,19.6667,-1.54804,14.488,8.03683,7.85786,-2.68572,4.05826,-2.29599,3.44192,-0.320604,2.64461,0.0556632,2.65102,-2.54213,0.170257,-4.23471,1.14308,-2.3739,-0.757323,-4.76715,"(mean value, continuous-time average)"3 
55.000000000,187.973605441,mean,-379.579,18.3609,-2.10503,14.0483,9.71801,8.3012,-3.31137,5.8978,-1.85083,4.46283,-2.62554,1.99991,-0.87772,1.88736,-2.78905,-0.419681,-2.98813,0.568931,-1.05565,-0.0305904,-3.35607,"(mean value, continuous-time average)"3 
0.000000000,5.000000000,mean,-557.739,41.5268,0.142393,11.7866,1.56755,10.587,-1.24623,1.18337,-2.92758,2.55287,-0.152357,1.64247,1.3304,2.57858,1.08303,2.45029,-2.04167,1.92279,-1.53708,0.88861,-2.03699,"(mean value, continuous-time average)"3 
5.000000000,15.000000000,mean,-444.134,64.5869,-9.153,6.78096,6.23594,6.8114,-2.86131,-0.729077,-2.45675,2.7539,-1.17413,2.16133,-1.38787,0.829048,-1.29583,2.2121,-3.63139,1.05825,-1.83417,0.195471,-3.0751,"(mean value, continuous-time average)"3 
20.000000000,5.000000000,mean,-462.427,66.8197,-10.5649,5.66357,7.57229,6.82714,-2.49993,-0.350117,-1.54946,3.21892,-0.550509,2.18243,-1.7128,0.0555382,-0.857227,3.15513,-2.69008,1.65163,-1.79249,-0.627298,-3.04132,"(mean value, continuous-time average)"3 
25.000000000,25.000000000,mean,-419.566,53.0933,-10.4864,12.3433,-1.23912,10.7635,-4.71829,3.10202,-3.12029,3.09195,-0.398803,1.39204,-0.85147,0.633136,-0.909505,1.29323,-2.81687,1.54117,-2.17323,0.53524,-3.19421,"(mean value, continuous-time average)"3 
50.000000000,5.000000000,mean,-424.893,44.8236,-2.27056,11.2675,0.689614,6.90036,-4.24573,-0.494844,-4.59995,4.44971,-1.02227,3.43713,-1.56892,2.29282,0.486785,2.41894,-4.64323,1.43557,-3.15991,-1.35681,-3.05185,"(mean value, continuous-time average)"3 
55.000000000,219.924263038,mean,-438.022,46.7231,-11.9693,14.8025,-2.97315,10.0755,-4.56807,3.62773,-4.52096,3.56906,0.00307096,1.83573,-0.767236,1.93898,-1.05708,1.02022,-3.18396,1.90428,-1.84225,0.199534,-3.47444,"(mean value, continuous-time average)"3 
0.000000000,5.000000000,mean,-1209.76,113.405,-53.8119,11.3078,0.560177,-9.41182,-0.627065,-7.79818,-5.11232,-5.06795,-1.86673,-4.62854,-1.08277,2.53631,-3.20089,2.07643,-1.81907,-1.28519,2.73093,-4.30045,-4.72847,"(mean value, continuous-time average)"3 
5.000000000,15.000000000,mean,-512.135,108.349,-48.4799,11.6444,0.0407567,-2.79955,-2.783,-3.32218,-3.71037,-3.12844,-1.63344,-3.30939,-0.325793,1.82229,-2.59516,1.82054,-2.24132,-0.279022,1.83291,-3.71072,-4.96456,"(mean value, continuous-time average)"3 
20.000000000,5.000000000,mean,-444.333,75.1975,-24.7012,16.5194,5.82884,5.58085,-3.75431,4.62127,-1.39237,1.43584,-1.64672,1.62735,0.808277,2.86282,-1.75336,3.21755,-1.78668,1.37166,-0.172726,-0.712532,-3.80324,"(mean value, continuous-time average)"3 
25.000000000,25.000000000,mean,-438.501,74.5348,-22.5706,11.7854,4.55977,3.89213,-4.89994,3.24622,-1.63189,2.05221,-1.92668,0.896668,-1.15837,2.30133,-1.88005,2.03509,-2.26822,0.814052,-0.210351,-0.772707,-4.16495,"(mean value, continuous-time average)"3 
50.000000000,5.000000000,mean,-450.363,76.2399,-23.4384,12.9199,7.14591,3.46639,-3.52049,3.54724,-0.620838,1.7088,-1.80861,-0.344209,-0.835559,1.52209,-2.37973,2.99017,-1.59067,1.24084,-0.582989,-0.635924,-3.4703,"(mean value, continuous-time average)"3 
55.000000000,273.051519274,mean,-447.705,66.6705,-21.0349,14.5559,2.563,6.16252,-5.45578,4.39789,-2.47927,2.1127,-1.05814,0.0896452,-0.0699059,2.58068,-1.07666,2.20661,-2.31571,1.28888,-0.530006,-0.513978,-4.25761,"(mean value, continuous-time average)"3 
0.000000000,5.000000000,mean,-1319.49,10.5753,-2.73473,21.9089,10.8334,8.00487,0.920438,4.02866,-0.877105,2.2187,-0.0201519,1.56409,-0.0358349,0.278646,-1.47631,1.053,-2.11613,0.104324,-0.953571,-1.72404,-5.18785,"(mean value, continuous-time average)"3 
5.000000000,15.000000000,mean,-358.097,30.0844,-4.46516,14.5162,9.46524,2.93614,-3.03777,2.7664,-4.98782,0.910739,-1.4002,1.47479,0.2358,0.693279,-2.5928,1.0042,-4.6224,0.751825,-1.95116,-1.05401,-5.98902,"(mean value, continuous-time average)"3 
20.000000000,5.000000000,mean,-350.572,27.3833,-3.61172,14.6823,7.8957,3.02863,-3.80217,2.99371,-5.47087,0.515098,-1.05829,1.06338,0.564825,1.03142,-1.49883,1.85675,-3.91696,0.927467,-1.76767,-0.624885,-5.45079,"(mean value, continuous-time average)"3 
25.000000000,25.000000000,mean,-336.095,18.3553,-1.55506,14.2008,5.53074,6.1563,-3.29611,3.01639,-4.58741,1.02483,-1.97151,1.68141,-0.261135,0.983294,-1.92562,1.7947,-3.38228,1.43421,-1.94479,-1.03782,-5.50133,"(mean value, continuous-time average)"3 
50.000000000,5.000000000,mean,-337.337,20.8133,-0.527777,13.4974,6.60157,7.45707,-5.63432,-0.873317,-5.56819,1.13142,-0.72496,1.79094,-0.296731,1.83462,-0.602281,3.47013,-2.76981,1.85692,-2.81855,-1.65152,-5.88584,"(mean value, continuous-time average)"3 
55.000000000,171.626757369,mean,-451.368,27.6208,-11.9749,15.4607,2.67787,5.48734,-4.23067,3.43677,-3.71926,2.17947,-1.37693,1.69157,-0.503042,1.37111,-1.25101,1.58215,-4.54216,0.434756,-1.92888,-0.651754,-4.6086,"(mean value, continuous-time average)"3 
0.000000000,5.000000000,mean,-1228.02,118.385,-42.4147,18.7346,23.218,-11.0575,8.01451,-1.6509,-6.12356,-0.516422,-5.68815,-3.61267,-3.34876,-5.63346,-4.29874,-2.97936,-3.22956,-3.07391,-0.639988,-2.76334,-3.06086,"(mean value, continuous-time average)"3 
5.000000000,15.000000000,mean,-458.04,72.092,-34.2328,24.5544,8.81837,11.7681,1.40137,2.29583,-4.41021,-1.72357,0.018061,0.73644,0.461981,1.81235,-1.86594,1.0554,-3.18573,0.633661,0.71261,0.215665,-3.5229,"(mean value, continuous-time average)"3 
20.000000000,5.000000000,mean,-415.526,50.8737,-26.3084,15.5836,12.6867,10.4902,1.02879,2.21106,-4.26806,0.694388,0.130712,1.8352,-0.725668,2.46649,-0.898044,1.44494,-4.01243,1.02322,-0.243783,0.551588,-5.04942,"(mean value, continuous-time average)"3 
25.000000000,25.000000000,mean,-390.143,38.5286,-14.8635,10.3617,8.63706,9.47071,-1.64743,2.29258,-5.25234,1.11816,-0.728916,2.9353,-1.00851,2.39709,-1.36907,1.62109,-3.9211,0.780355,-0.594876,-0.455155,-5.04251,"(mean value, continuous-time average)"3 
50.000000000,5.000000000,mean,-367.06,23.9802,-13.3578,15.5293,0.616587,13.2552,-2.77144,4.15663,-6.875,0.634622,-1.73684,2.28442,-1.23006,1.13444,-1.87195,0.811639,-4.50636,1.16581,-2.07744,-0.755286,-5.22896,"(mean value, continuous-time average)"3 
55.000000000,191.688798185,mean,-398.321,33.3822,-17.0704,16.2133,3.98633,13.722,-4.91504,4.19095,-5.26326,0.625141,-1.21508,1.83958,0.123897,2.05367,-0.810117,1.46776,-3.36611,1.1254,-1.27582,-0.218222,-5.01635,"(mean value, continuous-time average)"3 
0.000000000,5.000000000,mean,-684.027,41.0435,-3.84296,19.5512,-2.55246,8.7088,-2.17349,5.65931,1.20059,3.90269,-3.70515,0.149329,-2.94022,-1.60978,-1.5379,2.44087,0.977145,3.73037,1.7445,2.62092,0.276266,"(mean value, continuous-time average)"1 
5.000000000,15.000000000,mean,-527.387,27.2129,2.12515,15.6788,-0.911032,6.82681,-3.43775,1.46925,-4.70153,-1.33458,-8.64371,-1.71136,-4.378,0.605411,-1.74344,1.35923,-0.736666,4.28797,-0.391363,1.30673,-2.24527,"(mean value, continuous-time average)"1 
20.000000000,5.000000000,mean,-533.308,25.9434,2.03402,14.7754,-1.5922,4.80694,-6.18539,-1.67561,-7.74877,-4.7829,-10.8912,-3.60967,-5.49573,1.77652,-0.719974,1.00499,-3.20286,1.6125,-2.75023,0.936721,-3.15738,"(mean value, continuous-time average)"1 
25.000000000,25.000000000,mean,-531.783,28.1711,2.14148,15.6585,-1.22721,6.08397,-4.49783,0.835366,-4.75046,-1.43809,-8.47416,-1.78623,-4.7151,0.685111,-1.58765,1.62484,-1.13271,3.43465,-1.1974,1.86331,-1.94023,"(mean value, continuous-time average)"1 
50.000000000,5.000000000,mean,-550.29,33.452,-0.236092,18.0178,-1.93118,7.38953,-4.24785,1.41963,-4.45232,0.0995627,-8.27305,-1.41521,-4.88046,-0.117298,-3.19264,1.55557,0.416282,5.15354,0.542889,2.33466,-2.07224,"(mean value, continuous-time average)"1 
55.000000000,13.731065759,mean,-741.386,36.229,7.15711,14.4752,-0.787346,6.60322,-0.996772,4.30676,-1.72909,0.31975,-5.12282,-0.40906,-2.31168,1.11633,0.16392,1.71119,0.0864828,2.53109,1.04404,0.809199,-0.888637,"(mean value, continuous-time average)"1 
0.000000000,5.000000000,mean,-1187.8,6.81252,4.67115,19.9155,6.83178,5.72585,-1.75808,2.80305,-2.10475,1.41483,-1.12468,1.16074,0.500019,2.16795,-0.789193,0.632632,-3.29285,2.21848,-1.11067,0.782664,-3.06211,"(mean value, continuous-time average)"3 
5.000000000,15.000000000,mean,-365.7,16.0197,0.0778908,16.6075,9.91834,7.88963,0.10362,4.83745,-0.342391,3.1235,-1.84341,1.029,-0.702908,1.59266,-1.36833,1.31775,-4.10989,1.38265,-1.52531,-0.229257,-4.87422,"(mean value, continuous-time average)"3 
20.000000000,5.000000000,mean,-358.554,22.8392,-3.87429,13.6915,8.74986,3.97648,-0.464052,5.41654,-0.840711,3.26512,-1.60756,1.35068,-0.0175606,2.10064,-2.17175,1.0204,-4.21085,0.815555,-1.26722,-0.483304,-5.32966,"(mean value, continuous-time average)"3 
25.000000000,25.000000000,mean,-351.914,17.0722,-2.8752,13.3039,6.3997,6.15673,-0.290546,3.86029,-1.68953,2.19043,-1.77562,2.14027,-0.790858,1.70074,-2.20743,-0.349842,-5.28253,0.556107,-1.90954,-0.823127,-4.11967,"(mean value, continuous-time average)"3 
50.000000000,5.000000000,mean,-362.319,24.3434,-12.8842,23.1268,1.32856,11.1528,-4.8372,6.50406,-2.59583,2.7682,-1.86861,1.29162,-0.790214,1.81331,-1.88105,1.14578,-4.38625,1.29085,-1.69393,-0.462425,-4.54043,"(mean value, continuous-time average)"3 
55.000000000,83.205170067,mean,-411.107,20.51,-7.80751,19.0287,6.41767,9.59883,-0.436219,5.3343,-1.79672,2.05656,-0.997331,2.00322,-0.319123,1.7346,-1.94849,0.378903,-4.44445,0.991456,-1.50339,-0.506784,-4.35722,"(mean value, continuous-time average)"3 
0.000000000,5.000000000,mean,-909.793,8.68191,-16.2586,21.0679,-2.05381,9.15084,-2.66073,5.35476,-4.14346,3.62327,-4.18141,3.84674,-2.91251,2.78144,-1.15627,3.15207,-1.13859,3.10919,-2.41495,1.20627,-1.95183,"(mean value, continuous-time average)"2 
5.000000000,15.000000000,mean,-367.444,15.6942,-16.0518,17.2519,-5.75953,8.41654,-6.69731,6.74775,-5.92017,5.96757,-5.20098,3.4472,-5.12023,2.2291,-1.46061,3.32043,-1.57939,3.49978,-2.213,1.83836,-0.538452,"(mean value, continuous-time average)"2 
20.000000000,5.000000000,mean,-350.506,17.5045,-15.1567,15.7098,-8.72577,7.28105,-6.51677,7.4534,-4.10184,4.91013,-5.93118,2.30797,-5.47155,2.82723,-1.40316,3.28254,-2.47489,1.70821,-3.02849,1.49713,-1.06561,"(mean value, continuous-time average)"2 
25.000000000,25.000000000,mean,-367.558,18.4752,-12.3329,19.638,-4.72803,9.15224,-5.31845,7.65824,-2.9023,6.47594,-5.28611,3.62553,-4.25287,3.4299,-2.09706,2.40251,-2.98012,2.49648,-2.99632,1.53594,-1.91251,"(mean value, continuous-time average)"2 
50.000000000,5.000000000,mean,-369.823,21.7761,-10.0362,16.6076,-1.6419,10.1595,0.103342,8.95172,0.261824,8.46027,-5.22608,2.03661,-4.76334,2.09911,-2.31803,4.32235,-3.4433,2.99052,-1.38316,3.5805,-2.02433,"(mean value, continuous-time average)"2 
55.000000000,234.413514738,mean,-383.993,14.1786,-15.9896,16.6357,-5.26651,6.88423,-4.15808,6.54915,-3.47483,5.0034,-4.86593,3.30682,-3.76857,3.44826,-1.43301,3.21114,-2.41072,2.93537,-2.43211,2.02853,-2.14738,"(mean value, continuous-time average)"2 
0.000000000,5.000000000,mean,-926.962,19.4673,-16.7687,11.2824,-4.78866,5.56907,-7.42544,0.961894,-5.65836,3.36816,-3.39164,4.1513,-4.74637,0.419912,-4.53108,2.88453,-4.54172,2.61439,-1.9922,0.804073,-2.90785,"(mean value, continuous-time average)"2 
5.000000000,15.000000000,mean,-368.386,29.5474,-12.2992,8.33974,-1.17025,6.96023,-6.74084,4.25555,-5.51828,4.73243,-1.31349,3.30874,-5.82049,1.03941,-4.21931,2.49626,-4.21542,1.99746,-2.67857,0.539338,-3.56814,"(mean value, continuous-time average)"2 
20.000000000,5.000000000,mean,-366.155,26.4121,-22.9149,5.74484,-3.24938,7.34544,-8.96338,-3.17207,-6.4056,7.82265,2.39127,5.7719,-4.18623,1.12704,-2.51835,2.96789,-4.36638,1.02646,-3.7188,-0.947975,-4.56383,"(mean value, continuous-time average)"2 
25.000000000,25.000000000,mean,-353.851,15.5688,-9.76075,10.9385,2.42506,8.31492,-2.43754,6.57548,-1.14184,6.91962,0.853735,5.57343,-2.76177,3.8102,-1.5405,3.80366,-1.28561,4.8039,-0.660586,2.37915,-2.62109,"(mean value, continuous-time average)"2 
50.000000000,5.000000000,mean,-342.956,12.3652,-10.0283,5.20129,0.296646,5.85779,-4.84336,7.77767,-0.916913,3.77325,-1.5277,2.42686,-6.7907,1.49685,-3.34995,1.98074,-3.96044,5.14009,-0.14719,0.170835,-2.55374,"(mean value, continuous-time average)"2 
55.000000000,236.642630385,mean,-423.563,22.7195,-14.8535,10.8021,-1.7766,8.79731,-5.2436,6.12641,-4.0562,6.12364,-1.44759,4.77757,-4.01388,2.55355,-2.36781,3.04781,-3.02346,3.7708,-1.9517,1.02688,-3.19267,"(mean value, continuous-time average)"2 
0.000000000,5.000000000,mean,-1011.78,23.337,-10.8751,16.7152,-3.33847,9.91137,-5.98375,8.95533,-4.78237,3.42001,-3.60751,6.24985,-3.23833,3.351,-3.59693,3.55503,-2.79196,4.74299,-1.87392,3.02667,-2.15335,"(mean value, continuous-time average)"2 
5.000000000,15.000000000,mean,-358.617,30.5409,-10.5214,15.4616,-4.85034,11.7703,-6.9011,12.4024,-3.54813,6.52197,-2.57605,6.86672,-4.31277,4.20324,-2.05337,4.35859,-2.90095,5.64477,-2.04065,2.63278,-1.73508,"(mean value, continuous-time average)"2 
20.000000000,5.000000000,mean,-406.127,34.8137,-2.78354,17.0474,1.93778,7.47606,-5.09493,5.67716,-3.62863,7.44252,-1.36195,3.7123,-2.54483,4.60816,-3.05147,4.25337,-4.68834,3.70192,-3.45087,0.974669,-0.399261,"(mean value, continuous-time average)"2 
25.000000000,25.000000000,mean,-394.389,32.686,-5.0667,12.8717,0.733229,6.83597,-2.06742,7.9491,-3.41084,6.94874,-1.12026,3.64559,-3.2968,2.14626,-2.99844,3.28382,-3.73095,5.36896,-0.899765,0.783498,-1.12256,"(mean value, continuous-time average)"2 
50.000000000,5.000000000,mean,-358.811,27.0124,-21.2275,10.0553,-6.35983,8.40033,-2.86339,9.18777,-2.78553,5.83902,-2.21133,5.30524,-3.04456,2.89269,-3.93244,4.18528,-3.86818,3.78131,-2.42261,1.34047,-2.1523,"(mean value, continuous-time average)"2 
55.000000000,239.243265305,mean,-387.734,28.9611,-16.6703,10.9055,-4.62806,8.955,-4.50604,9.84941,-3.57674,6.89697,-2.33854,5.27775,-4.19336,3.32972,-2.3934,3.97046,-2.99303,4.57223,-1.88932,2.14948,-1.19731,"(mean value, continuous-time average)"2 
0.000000000,5.000000000,mean,-936.946,27.4506,-15.9585,20.0419,-1.54407,10.3295,-3.26285,7.76764,-2.5516,5.03468,-2.95756,4.42537,-1.06931,4.24558,-3.31404,0.564042,-2.96435,2.5758,-3.41976,1.22013,-2.79834,"(mean value, continuous-time average)"2 
5.000000000,15.000000000,mean,-371.926,33.0474,-17.0453,18.569,2.21685,9.95588,-4.00131,7.56994,-2.15404,6.02401,-3.04244,5.76348,-1.46529,5.62323,-2.251,1.95284,-2.29875,3.60044,-4.17158,1.10505,-1.93091,"(mean value, continuous-time average)"2 
20.000000000,5.000000000,mean,-391.884,23.9919,-9.09595,15.8445,2.95607,12.3993,-5.16162,5.46981,-2.89731,7.37914,-1.03348,5.65263,-1.68326,4.23868,-2.54923,2.93043,-2.86932,3.13068,-3.84213,0.0568938,-1.78168,"(mean value, continuous-time average)"2 
25.000000000,25.000000000,mean,-390.487,30.8586,-9.84271,17.1599,4.17699,11.2266,-5.00739,5.94957,-2.25921,5.87936,-1.77063,4.35496,-2.0258,4.75211,-2.95778,2.34697,-2.30018,3.52858,-4.3756,0.4364,-1.47232,"(mean value, continuous-time average)"2 
50.000000000,5.000000000,mean,-379.701,31.0937,-12.382,13.4929,0.35095,9.74779,-6.12718,10.2336,-2.23375,4.61324,-2.71923,4.36059,-2.26181,4.94887,-2.57328,2.87777,-4.5646,3.48153,-3.50125,0.368244,-0.722308,"(mean value, continuous-time average)"2 
55.000000000,266.364172335,mean,-361.663,27.9155,-16.6238,12.3672,-4.22357,9.4401,-6.12201,8.46696,-2.875,4.94341,-2.21171,5.27673,-2.17895,4.48566,-2.35652,3.18225,-1.82363,3.90753,-3.68338,1.00682,-2.14392,"(mean value, continuous-time average)"2 
0.000000000,5.000000000,mean,-1003.33,12.1132,-16.2129,21.4971,1.67753,9.94768,-3.57104,8.13607,-2.0269,4.80567,-3.27789,2.87224,-2.67767,4.05632,-1.2719,2.79207,-2.48158,4.21923,-2.62724,0.394747,-2.62865,"(mean value, continuous-time average)"2 
5.000000000,15.000000000,mean,-378.557,27.0425,-14.5529,16.5731,-0.835674,9.70495,-4.23112,7.64841,-0.969821,6.24321,-4.80295,2.0774,-5.56043,0.591809,-3.16625,3.30027,-3.64796,4.6425,-1.01689,2.72033,-1.14637,"(mean value, continuous-time average)"2 
20.000000000,5.000000000,mean,-396.46,36.1527,-11.5731,13.4524,0.333503,11.4855,-2.32182,8.95388,-1.07968,6.92382,-3.88914,3.03296,-4.21496,2.93422,-1.21944,2.37445,-4.53857,4.65225,-0.918015,2.51178,-1.06945,"(mean value, continuous-time average)"2 
25.000000000,25.000000000,mean,-377.156,26.5995,-16.0317,15.8877,-3.77585,9.15448,-4.90956,8.26547,-1.85931,5.89165,-4.87164,4.70152,-2.80867,2.95536,-2.55505,3.23802,-3.79732,3.79168,-1.74898,2.11488,-2.85669,"(mean value, continuous-time average)"2 
50.000000000,5.000000000,mean,-367.382,13.4529,-15.675,20.8039,0.208905,12.0335,-6.43346,4.00496,-4.60074,8.2906,-2.63086,2.90274,-3.54617,2.62338,-2.83149,3.00836,-3.53344,4.4016,-2.58784,1.96475,-1.82349,"(mean value, continuous-time average)"2 
55.000000000,219.552743763,mean,-401.735,22.6583,-17.4417,14.7846,0.100563,10.2058,-4.55989,5.12147,-3.06779,6.3377,-3.2455,3.90962,-3.30637,2.07102,-2.10294,3.12048,-4.05012,3.99066,-2.31151,2.14758,-1.60587,"(mean value, continuous-time average)"2 
0.000000000,5.000000000,mean,-929.924,16.4891,-20.0163,14.4192,-1.50801,7.25296,-1.22803,7.50018,-0.595063,5.78489,-0.719634,3.74182,-1.21143,3.89294,-0.756874,2.94401,-0.941665,3.32773,-2.2589,1.44975,-2.75234,"(mean value, continuous-time average)"2 
5.000000000,15.000000000,mean,-394.213,10.9156,-12.8406,11.2729,-0.339887,8.27437,-2.81025,6.85822,-0.190961,5.89164,-3.19048,4.31589,-3.71171,2.03697,-2.90435,3.54641,-1.93019,4.23369,-2.26318,3.12933,-1.22285,"(mean value, continuous-time average)"2 
20.000000000,5.000000000,mean,-412.416,14.7445,-12.668,14.1531,1.99103,9.76928,-1.33105,8.65746,1.37276,8.0193,-1.57656,5.66486,-2.47526,2.84046,-2.91636,3.76889,-1.31267,5.76414,-1.66675,3.54402,-0.655938,"(mean value, continuous-time average)"2 
25.000000000,25.000000000,mean,-374.442,8.85447,-14.2599,12.6685,-2.54628,9.28754,-4.75021,8.5929,-1.07817,6.4481,-3.73733,4.48975,-3.84907,3.39359,-2.24331,3.45894,-2.34722,3.91156,-2.52184,2.93361,-0.951843,"(mean value, continuous-time average)"2 
50.000000000,5.000000000,mean,-365.396,14.8105,-16.1038,11.4609,-2.83898,12.2137,-8.79208,8.69703,-2.9725,7.62142,-4.5901,3.24507,-5.01487,3.50063,-2.27784,3.35015,-2.4606,4.01279,-3.21876,2.34511,-1.57818,"(mean value, continuous-time average)"2 
55.000000000,287.912290249,mean,-370.469,17.1727,-17.9528,12.0015,-2.18497,11.1651,-4.60772,10.5799,-0.670133,6.92549,-3.17047,5.31288,-3.25555,3.41564,-2.08969,3.83939,-2.02222,4.01315,-2.05461,2.88043,-1.22866,"(mean value, continuous-time average)"2 
0.000000000,5.000000000,mean,-546.598,13.424,-16.7182,10.1615,0.573007,9.8584,-0.267156,5.49902,-2.18709,4.32436,-0.393548,4.29044,-1.42651,5.48205,-0.74491,2.39699,-0.24678,3.89286,-3.02206,3.47512,-1.78592,"(mean value, continuous-time average)"2 
5.000000000,15.000000000,mean,-376.482,11.2094,-16.4489,11.2163,-2.75488,9.78757,-2.02102,7.61853,-3.15268,6.2578,-0.343056,3.20138,-3.88663,5.21109,-0.185993,4.44724,-1.24765,3.58635,-2.74742,4.24303,-1.77288,"(mean value, continuous-time average)"2 
20.000000000,5.000000000,mean,-354.232,19.4676,-15.4763,13.3933,-7.81872,8.0786,-4.78346,6.4927,-3.39573,6.17787,-6.08033,3.5775,-3.60664,4.99794,-0.41651,4.36459,-2.71748,5.6167,-1.78436,2.53595,-2.58348,"(mean value, continuous-time average)"2 
25.000000000,25.000000000,mean,-349.328,13.7775,-15.9049,14.2788,-5.90123,8.38055,-3.72819,5.77528,-3.84013,5.27022,-4.09397,3.66583,-2.92283,4.35536,-0.6669,3.95074,-1.83498,3.8078,-2.94976,2.1602,-2.79883,"(mean value, continuous-time average)"2 
50.000000000,5.000000000,mean,-370.844,12.6926,-8.83256,16.7278,-2.31858,10.7627,-1.32995,8.03101,-2.73919,5.43964,-4.56131,2.73037,-2.29838,4.63489,0.0318589,4.85518,-0.896573,2.8198,-3.30166,2.65763,-1.5641,"(mean value, continuous-time average)"2 
55.000000000,37.136780044,mean,-537.381,14.7691,-12.0095,14.1516,-4.51918,8.6472,-2.81155,6.26401,-3.25212,5.38673,-3.40164,3.02265,-2.09056,5.56639,0.372515,4.28581,-1.35958,2.9181,-3.11142,2.55649,-1.92784,"(mean value, continuous-time average)"2 
0.000000000,5.000000000,mean,-687.455,46.6237,3.46698,10.0013,-1.60749,1.79734,-4.37088,0.0136828,-8.75713,-1.95115,-2.88264,-1.46154,-4.06052,1.11624,0.266994,2.29521,-1.29449,2.62371,1.05856,-0.701043,-2.22865,"(mean value, continuous-time average)"1 
5.000000000,15.000000000,mean,-515.795,55.0347,0.705881,10.6887,-1.75836,4.37295,-4.59665,2.28715,-7.70589,-0.133955,-2.4412,0.997871,-2.46157,2.24667,-0.618458,3.72158,-1.23102,1.72045,-1.56267,-0.718321,-2.67546,"(mean value, continuous-time average)"1 
20.000000000,5.000000000,mean,-502.717,55.524,0.589907,3.45678,-5.11436,2.07023,-7.90158,-1.83729,-10.1572,0.0452026,-2.71399,3.2263,-0.993433,2.7073,0.639476,4.99001,1.43412,1.85538,-3.24002,-2.85786,-7.01112,"(mean value, continuous-time average)"1 
25.000000000,25.000000000,mean,-505.977,55.3264,-0.651566,4.21514,-7.22928,-1.54922,-8.88505,-1.14601,-9.95644,-0.815549,-3.9593,-0.209067,-4.10171,0.503326,-1.00136,3.55842,-0.143057,1.93954,-3.0098,-0.794627,-2.52383,"(mean value, continuous-time average)"1 
50.000000000,5.000000000,mean,-513.641,53.3122,-0.966503,3.26839,-7.95941,-1.40958,-10.3242,-3.40828,-12.5301,-1.99288,-3.32817,2.6862,-2.21697,1.2568,-0.254204,3.64001,-0.0934881,1.85613,-3.37019,-1.45824,-3.89748,"(mean value, continuous-time average)"1 
55.000000000,86.177324262,mean,-548.839,54.9933,1.26014,5.16093,-6.10808,-1.11266,-8.4712,-0.575003,-8.88182,0.706792,-1.38511,1.93278,-2.49659,1.05334,-0.76619,2.64439,-0.578306,0.802394,-3.12012,-2.1599,-4.18309,"(mean value, continuous-time average)"1 
0.000000000,5.000000000,mean,-685.097,44.3538,0.0668855,4.75531,-7.25919,2.17432,-8.87574,-1.20427,-7.40041,0.335544,-0.280661,1.41945,0.0969266,2.36153,0.00965603,2.15667,-0.0966805,1.58776,-1.45795,-1.05057,-3.57147,"(mean value, continuous-time average)"1 
5.000000000,15.000000000,mean,-499.865,50.8887,-2.95715,6.74519,-6.41307,0.0926392,-9.85658,0.087941,-9.40468,0.949521,-0.60282,1.75978,-4.92849,-0.171168,-3.15636,1.18482,-4.69637,-0.0145985,-2.96815,-1.57111,-5.12095,"(mean value, continuous-time average)"1 
20.000000000,5.000000000,mean,-508.362,45.5783,-9.30571,-1.59013,-12.9096,-5.75321,-14.3546,-1.9118,-8.68814,2.18869,0.0755968,2.30478,-7.14391,-5.91111,-7.16575,-0.797819,-2.5907,0.328201,-4.98462,-4.65638,-4.8196,"(mean value, continuous-time average)"1 
25.000000000,25.000000000,mean,-502.732,52.0206,-2.66226,4.73601,-8.21663,-0.944369,-10.62,-0.453466,-9.84468,0.263635,-1.78913,1.77175,-4.7126,-0.864241,-3.63666,2.00369,-3.24732,1.85627,-2.53881,-1.08672,-4.75698,"(mean value, continuous-time average)"1 
50.000000000,5.000000000,mean,-485.868,48.4141,-1.39369,4.35319,-6.18884,0.711363,-10.337,-1.3582,-9.66849,0.883098,-1.031,2.95801,-3.06371,1.78065,-1.49076,2.88189,-5.07482,-1.95807,-6.95916,-4.52646,-5.81567,"(mean value, continuous-time average)"1 
55.000000000,153.422312924,mean,-526.038,47.8733,-2.54839,5.41235,-6.98129,-1.18353,-9.88787,-0.0306578,-8.48852,1.18385,-0.466885,2.21402,-4.86337,-1.05586,-3.11063,1.76285,-3.04039,1.177,-2.5848,-1.85406,-4.83027,"(mean value, continuous-time average)"1 
0.000000000,5.000000000,mean,-2219.16,2.93472,11.1144,6.22758,9.18425,5.45507,6.09006,4.10731,3.02042,1.96366,2.13067,1.88209,2.26254,1.11322,0.948708,0.719864,0.649531,1.34846,1.20309,0.435529,0.834274,"(mean value, continuous-time average)"1 
5.000000000,15.000000000,mean,-540.854,74.2788,-21.2851,10.1221,6.12635,-3.89624,7.36035,3.24109,-2.44112,-0.345731,-1.92136,-0.430202,2.91544,-3.42215,-1.87836,0.468753,-1.86253,0.267738,-0.665007,-3.11946,-2.18713,"(mean value, continuous-time average)"1 
20.000000000,5.000000000,mean,-520.552,75.2592,-27.0009,8.83268,3.3097,-3.05978,5.11423,2.11506,-0.447396,-2.06062,-2.21089,1.8535,4.75756,1.51689,2.31986,2.37032,-1.36551,-0.560305,-1.65731,-3.22565,-0.880099,"(mean value, continuous-time average)"1 
25.000000000,25.000000000,mean,-497.355,70.0385,-27.9233,10.1921,-0.674249,-0.0872577,2.50038,5.2372,-0.761266,-0.8129,-0.513451,1.32281,-0.033765,-2.71574,-0.760334,1.41277,-1.25361,0.85692,0.0947699,-1.44041,-1.24734,"(mean value, continuous-time average)"1 
50.000000000,5.000000000,mean,-515.374,70.7953,-28.1363,3.77211,-3.48915,-5.7956,-0.553542,0.842786,-3.31244,-0.645297,-0.759578,1.82218,3.02873,-1.24602,0.916116,2.51501,-0.0106177,2.09856,1.84747,-0.281037,-0.963186,"(mean value, continuous-time average)"1 
55.000000000,652.744217686,mean,-496.626,69.3404,-27.8313,1.56115,-4.07598,-0.85332,-7.02728,1.72644,0.978225,-0.933757,-1.8673,1.40758,2.18752,1.85282,0.0608956,1.74667,-1.07666,0.255599,0.126621,-0.374507,-1.284,"(mean value, continuous-time average)"1 
0.000000000,5.000000000,mean,-705.871,53.963,8.80158,-2.73373,6.07607,3.01974,-3.35474,-1.90625,-1.45191,-4.1758,-2.67492,-1.52058,0.655261,0.842713,1.92021,2.9707,3.39331,3.14027,1.42164,-2.22539,-3.99879,"(mean value, continuous-time average)"1 
5.000000000,15.000000000,mean,-604.671,70.8885,3.0862,-7.27845,2.88799,-1.69071,-6.60253,-1.74254,1.68672,-3.23905,-3.29342,-2.07118,0.114156,1.13543,2.41139,1.74292,0.572434,-0.602161,-2.01313,-2.91315,0.0559986,"(mean value, continuous-time average)"1 
20.000000000,5.000000000,mean,-636.915,60.0546,13.6425,-0.938287,5.43672,1.41736,-4.9748,-2.19365,-0.907333,-3.17593,-1.16813,-0.124062,-0.435473,-0.0341763,2.49912,3.65327,2.07469,-1.56464,-5.44486,-6.89678,-2.17621,"(mean value, continuous-time average)"1 
25.000000000,25.000000000,mean,-589.414,68.6823,-4.07551,-7.04559,-2.00456,-3.89598,-8.40063,-0.899181,2.64803,-3.04961,-2.15723,1.44135,2.67933,1.35163,1.139,-1.07938,-2.96697,-2.223,-0.495155,-0.455287,0.704269,"(mean value, continuous-time average)"1 
50.000000000,5.000000000,mean,-595.986,69.5431,-0.0699249,0.868685,11.0969,4.84975,-6.55762,-5.15274,-0.0480585,-5.8235,-3.90112,-0.376503,-1.11268,-3.00184,-0.857594,2.39522,3.20959,3.41711,2.36775,-0.466793,-1.77708,"(mean value, continuous-time average)"1 
55.000000000,33.793106575,mean,-657.471,66.332,4.95658,-4.18963,5.97893,0.667064,-5.3021,-1.68855,1.10196,-2.847,-1.79856,-0.187132,0.666294,0.0860794,0.828011,1.38659,0.949849,0.497672,0.525179,-0.929981,-0.396444,"(mean value, continuous-time average)"1 
0.000000000,5.000000000,mean,-732.977,32.0337,3.13505,-0.155152,8.37865,6.10536,-6.20208,-6.76584,8.04093,4.42163,-2.72285,-1.11174,1.88298,1.98485,-0.299274,-2.01762,-0.752231,-0.724271,-1.70923,-2.75325,-0.929328,"(mean value, continuous-time average)"1 
5.000000000,15.000000000,mean,-632.516,46.1729,4.47221,0.105505,12.6198,10.5764,-2.84763,-4.08228,5.82983,3.56003,-0.782434,-2.54616,0.703393,3.68265,1.50869,-0.0631706,0.884505,1.33633,0.514939,-0.673107,0.619813,"(mean value, continuous-time average)"1 
20.000000000,5.000000000,mean,-601.031,52.8878,-6.14804,-4.20066,12.8417,6.32869,-7.17992,-2.37271,9.21038,0.783499,-5.57444,-3.5569,-0.0205884,-0.640519,-2.14628,-0.538551,-0.179407,0.988324,2.15341,0.768391,1.22752,"(mean value, continuous-time average)"1 
25.000000000,25.000000000,mean,-602.929,50.4491,-3.36059,1.08689,13.4128,7.2628,-5.91116,-2.11176,8.26598,2.74341,-1.28716,-1.83924,0.0416092,0.435618,0.297824,1.04108,0.143167,-0.132558,-0.630259,-2.39606,-1.56242,"(mean value, continuous-time average)"1 
50.000000000,5.000000000,mean,-603.898,54.5327,-6.44055,-3.53024,15.8893,3.99592,-8.10335,0.39649,9.9312,3.02311,-1.81485,-4.01289,-1.51547,0.858224,0.832193,0.828916,-0.32683,1.2293,-0.114704,-4.20783,-3.22061,"(mean value, continuous-time average)"1 
55.000000000,58.313378684,mean,-604.41,49.4708,-9.21526,-1.23402,15.2684,7.16498,-5.93661,-2.66794,6.00894,1.19324,-1.92611,-2.59456,0.4764,1.72938,0.401574,1.77413,0.886486,0.728459,0.294268,-1.28518,0.10391,"(mean value, continuous-time average)"1 
