63
RBF_KERNEL 4.3
NUMBER 43 SIZE 63
1.38619 0.870907 0.634106 0.635898 0.0367529 0.490744 0.479861 0.587827 0 0.669054 0.376968 1 0.941353 0.846771 0.625682 0.510821 0.452574 0.321714 0.364716 0.722902 0.721802 0.773386 0.0832643 0.412313 0.463592 0.0514621 0.458595 0.2751 0.131669 0.255504 0.899984 0.164492 0.393538 0.410906 0.714617 0.0791101 0.240794 0.202188 0.762425 0.662799 1 1 1 0.0657402 0.546869 0.144526 0 0.264464 0.182409 0 0.189965 1 0.165013 0.587724 1 1 0.73456 1 0.792051 1 0.405041 0.751116 0.374763 0.336903
1.3861 0.881157 0.671557 0.483884 0.0448279 0.438787 0.428795 0.494313 0.191037 0.786704 0.662612 0.941729 0.46531 0.253227 0 0.128132 0.205272 0.442958 0.619642 0.715119 0.46714 0.465591 0.196793 0.571766 0.491707 0.160459 0.322088 0.024963 0 0.259324 1 0 0.327255 0.552439 0.858201 0.495339 0.516906 0.597285 0.845363 0 0 0 0.0276577 0.10423 0.713656 0.30443 0.255324 0.439302 0.314445 0.347933 0.303728 0.827285 0.296795 0.609767 0.583243 0.654691 0.0954741 0.245056 0.683685 0.860427 0.387288 0.852739 0.520402 0.676082
1.38598 0.873592 0.666749 0.513063 0.0922982 0.585071 0.456136 0.693163 0.314501 0.747654 0.270892 0.772967 0.637184 0.586362 0.388509 0.441414 0.369227 0.356926 0.506405 0.754348 0.518737 0.304262 0.143252 0.471268 0.44573 0.331274 0.616849 0.244158 0.782281 0.393531 0.675077 0.39845 0.944071 0.526677 0.53845 0.141123 0.524088 0.303949 0.5713 0.485056 0.665228 0.592695 0.508223 0 0.435569 0.276158 0.197559 0.408438 0 0.176054 0 0.791934 0.0962401 0.674915 0.905446 0.828923 0.309314 0.229789 0.339913 0.507198 0.109911 0.564037 0.326223 0.759211
1.38521 0.896647 0.666416 0.204457 0.466897 0.313685 0.493064 0.375062 0.258417 0.187336 0.170195 0.435113 0.487291 0.340447 0.670683 0.532928 0.86161 0.459575 0.704192 0.551956 0.579512 0.376286 0.452984 0.530878 0.384317 0.502271 0.459778 0.470322 0.713654 0.590458 0.474125 0.580337 0.711785 0.594314 0.414922 0.39551 0.355983 0.314751 0.288443 0.502156 0.488924 0.592396 0.0672612 0.280166 0.527232 0.184093 0.664634 0.447395 0.365171 0.748973 0.637784 0.338421 0.699281 0.703817 0.584989 0.485347 0.631046 0.540203 0.636576 0.342267 0.319662 0.566253 0.448959 0.262266
1.38587 0.839342 0.5146 0.497266 0.655296 0.479303 0.646499 0.613182 0.396029 0.38924 0.228957 0.380425 0.576619 0.572438 0.713988 0.345924 0.30574 0.207888 0.73318 0.851492 0.75637 0.764431 0 0.243814 0.477883 0.508741 0.331559 0.401566 0.644369 0.426973 0.3272 0.129834 0.235143 0.482925 0.690773 0.473058 0.339956 0.167757 0.346004 0.577738 0.670053 0.553297 0.437149 0.133135 0.280855 0.311145 0.649624 0.290506 0.289864 0.616262 0.52175 0.154749 0 0 0.370496 0.406174 0.405572 0.740356 0.951478 0.632542 0.543605 0.626111 0.49828 0.77581
1.3865 0.854737 0.760552 0.402576 0.295491 0.348471 0.476256 0.412371 0.216932 0.232122 0.192088 0.469923 0.271366 0.19638 0.429233 0.347358 0.408054 0.358315 0.522524 0.467541 0.343246 0.46143 0.20652 0.881145 0.478546 0.420482 0.330483 0.33781 0.503454 0.471905 0.150816 0.331413 0.0763677 0.0236497 0 0.198358 0.313755 0.303143 0.551315 0.563876 0.675747 0.504647 0.378336 0.146214 0.995549 0.281356 0.593076 0.371354 0.354489 0.56664 0.578393 0 0.270607 0.134067 0.115175 0.0670577 0.0907099 0.257185 0.560447 0.477959 0.423977 0.730706 0.292007 0
1.38601 0.884319 0.610424 0.415315 0.513676 0.338019 0.470334 0.46354 0.34964 0.28903 0.158602 0.449895 0.522287 0.434947 0.886789 0.781986 0.833105 0.559122 0.787918 0.778768 0.530085 0.301948 0.29625 0.388819 0.511706 0.419674 0.234096 0.354462 0.603418 0.388648 0.311047 0.0945707 0.300768 0.51211 0.427955 0.256828 0.187881 0.146238 0.297446 0.61403 0.726492 0.730735 0.302062 0.179701 0.62941 0.280275 0.632402 0.18094 0.230737 0.408826 0.359407 0.113229 0.675042 0.923697 0.901431 0.625229 0.461871 0.466577 0.577941 0.489845 0.596919 0.985015 0.820694 0.601216
1.38592 0.871764 0.717239 0.272288 0.279615 0.246754 0.329833 0.29339 0.128348 0.0331474 0.0614683 0.428733 0.287584 0.136982 0.664926 0.361688 0.511384 0.368232 0.663799 0.54993 0.406795 0.481852 0.0406696 0.799702 0.480162 0.525575 0.245593 0.467424 0.656927 0.734216 0.365617 0.583935 0.534079 0 0.287505 0.21495 0.193838 0 0.320646 0.308545 0.436342 0.193139 0.389798 0.220471 0.639199 0.0591863 0.472902 0.385744 0.281884 0.660555 0.383297 0.0324719 0.21661 0.215466 0 0 0.315952 0.349364 0.357442 0.248431 0 0 0 0.0876698
1.38509 0.880389 0.626344 0.503465 0.338464 0.329292 0.511118 0.368948 0.27981 0.360004 0.305317 0.653542 0.617169 0.589639 0.76555 0.52169 0.58887 0.40645 0.682031 0.463636 0.503174 0.298533 0.400582 0.401328 0.461472 0.244422 0.157343 0.0757225 0.31735 0.398067 0.37824 0.505559 0.786866 0.673383 0.337715 0 0.193833 0.239082 0.443587 0.578084 0.377732 0.351502 0.200808 0.236518 0.555976 0.421371 0.511748 0.315856 0.316791 0.567493 0.517892 0.194343 0.463209 0.69207 0.67919 0.521601 0.541096 0.595971 0.722551 0.285387 0.204174 0.302981 0.106179 0.122501
1.38654 0.839558 0.631558 0.368278 0.343744 0.346111 0.343961 0.517068 0.283002 0.326613 0.268709 0.699557 0.58505 0.549035 0.826574 1 1 1 1 1 0.782761 0.812152 0.0996757 0.471137 0 0.0660661 0 0 0.183551 0.249829 0.221513 0.423003 0.87469 0.867821 0.863712 1 1 1 1 0.975729 0.88665 0.487398 0.350083 0.149647 0.882726 0.243131 0.533995 0.420969 0.246094 0.821304 0.728915 0.342721 0.55318 0.58721 0.3152 0.141782 0.272797 0.371755 0.601917 0.32468 0.243129 0.722286 0.430324 0.421642
1.38597 0.868683 0.685919 0.449044 0.144768 0.315233 0.608421 0.480889 0.176912 0 0.0436066 0.0631953 0.274744 0.111304 0.340186 0.234014 0.620686 0.787614 0.807592 0.679979 0.761671 0.686924 0.286329 0.433237 0.213505 0 0.139449 0.145274 0.315361 0 0 0.0952687 0 0.36095 0.385722 0.604068 0.727393 0.724258 0.988214 1 0.730224 0.972365 0.433368 0.219407 0.763679 0.374375 0.338745 0.3671 0.429074 0.681238 0.319223 0.00673097 0.386353 0.23328 0.271428 0.0258164 0.287162 0.268802 0.506284 0.419562 0.410001 0.478611 0.293418 0.0676162
1.386 0.880824 0.59991 0.445584 0.680766 0.423051 0.706216 0.644251 0.682064 0.789243 0.530754 0.460076 0.525958 0.372305 0.423846 0.421001 0.610503 0.493604 0.877875 0.778677 0.752405 0.604795 0.319191 0.201811 0.60075 0.523825 0.467231 0.493467 0.666705 0.408809 0.408808 0.1021 0.0548411 0.25403 0.443598 0.458667 0.478691 0.33211 0.40862 0.658443 0.542197 0.715971 0.314501 0.135286 0.384155 0.441813 0.794459 0.433352 0.591342 0.819745 0.637215 0.449317 0.419097 0.184057 0.388514 0.429237 0.389813 0.398007 0.627968 0.594716 0.769088 0.783533 0.683696 0.649487
1.38486 0.879432 0.644471 0.553799 0.459829 0.441875 0.499862 0.55399 0.351191 0.292296 0.160803 0.506543 0.410277 0.292137 0.658401 0.538433 0.599416 0.309232 0.776721 0.711197 0.526901 0.405415 0.419 0.50239 0.583013 0.330586 0.370789 0.385206 0.593312 0.401456 0.330437 0.381512 0.600663 0.738721 0.732837 0.5142 0.538769 0.537743 0.673487 0.673641 0.506146 0.468701 0.0509105 0.192876 0.612224 0.428915 0.489304 0.266996 0.229596 0.568024 0.42983 0.0544637 0.301294 0.530929 0.661124 0.564649 0.49934 0.739809 0.776614 0.565999 0.507157 0.532876 0.364439 0.392536
-0.613666 0.702389 0.417874 0.201133 0.515349 0.375989 0.661537 0.565691 0.709556 0.589205 0.594054 0.484043 0.789886 0.357103 0.966229 0.421964 0.637389 0.281604 0.865657 0.335366 0.7317 0.395908 0.869723 0.067631 0.359832 0.481707 0.412501 0.760196 0.863548 0.90041 0.611089 0.637032 0.425535 0.817788 0.578982 0.691492 0.535228 0.549525 0.550815 0.777537 0.443039 0.717605 0.364115 1 0 0.445983 0.421684 0.486645 0.287546 0.995719 0.576234 0.666952 0.413492 0.764392 0.482579 0.677359 0.399163 0.769378 0.517038 0.571266 0.359715 0.748757 0.487182 0.941209
-0.614238 0 0.575564 0.777171 0.027197 0.231065 0.34045 0.443732 0.0942699 0.364019 0.231773 0.536094 0.566687 0.277335 0.367979 0.161041 0.386894 0.325302 0.767514 0.437684 0.551193 0.354827 0.274824 0.347416 0.91668 0.706023 0.416862 0.525291 0.630415 0.481848 0.492123 0.363002 0.419724 0.530634 0.588401 0.55323 0.325486 0.38733 0.523938 0.786559 0.718822 0.82459 0.248312 0.136102 0.496593 0.984582 0.945691 0.434844 0.534815 0.773369 0.601492 0.459126 0.387664 0.34372 0.56988 0.506223 0.726978 0.62326 0.859903 0.636159 0.680229 0.671343 0.561915 0.178789
-0.613601 0.425578 0.503284 0.790233 0.253331 0.308703 0.410583 0.440139 0.0590764 0.245821 0.144465 0.473935 0.345713 0.223115 0.704309 0.293415 0.48046 0.216753 0.605573 0.363538 0.581498 0.146438 0.131314 0.407566 1 0.497154 0.30755 0.306582 0.690222 0.477066 0.453252 0.373809 0.669079 0.517138 0.397404 0.22362 0.129484 0.277825 0.38824 0.565943 0.504817 0.733789 0.191943 0.182479 0.575185 0.532769 0.606114 0.378467 0.230152 0.550256 0.417075 0.32745 0.3155 0.471699 0.696159 0.419758 0.480528 0.531267 0.889164 0.690002 1 1 1 0.984401
-0.544417 0.831891 0.375523 0.236241 0.691435 0.433257 0.793215 0.596465 0.777536 0.612622 0.647817 0.489548 0.716892 0.36248 0.838574 0.35571 0.654668 0.164066 0.750498 0.2465 0.614901 0.33195 0.688483 0.16027 0.454156 0.54023 0.479656 0.823624 0.863531 0.985596 0.749568 1 0.744915 0.732056 0.668631 0.537858 0.433493 0.425785 0.401134 0.742649 0.625831 0.690372 0.330218 0.436123 0.0884526 0.140448 0.842441 0.49046 0.85386 0.927472 0.966853 0.722728 1 0.752197 0.718237 0.495054 0.668032 0.406981 0.805559 0.40175 0.64859 0.629589 0.633274 0.531086
-0.571867 0.792483 0 0.467242 0.440294 0.471795 0.601021 0.666919 0.548261 0.698869 0.664521 0.554086 0.826326 0.407886 0.827604 0.375357 0.576322 0.224813 0.751894 0.503062 0.788514 0.447742 0.906259 0.111146 0.416063 0.560504 0.342694 0.668187 0.72235 0.829252 0.686437 0.808102 0.683072 1 0.674985 0.652749 0.441 0.452565 0.513041 0.749692 0.624664 0.796378 0.316413 0.388869 0.189833 0.201204 0.759014 0.481712 0.653444 0.668237 0.853249 0.625984 0.688519 0.471763 0.843952 0.555995 0.628349 0.419834 0.769078 0.387954 0.562706 0.585356 0.501847 0.541699
-0.613812 0.456682 0.672862 0.535671 0.386342 0.598119 0.453518 0.413031 0.391843 0.40979 0.157447 0.637318 0.770198 0.430928 0.609753 0.204468 0.645994 0.362069 0.697254 0.468004 0.680063 0.346109 0.127285 0.488049 0.936955 0.481039 0.677578 0.465278 0.766509 0.584973 0.470329 0.398261 0.826499 0.858194 0.591082 0.283499 0.173329 0.286759 0.481554 0.669259 0.484341 0.623645 0.14756 0.0742413 0.66066 1 0.619649 0.60881 0.462047 0.844396 0.667863 0.352739 0.339842 0.615082 0.670636 0.490293 0.433871 0.172144 0.579898 0.453952 0.515956 0.562773 0.569289 0.624315
-0.598634 0.794608 0.363417 0.151349 0.506053 0.479843 0.479712 0.553498 0.618965 0.753692 1 0.639304 0.750177 0.614693 1 0.481987 0.60741 0 0.717497 0.462181 0.856648 0.598938 0.742223 0.199919 0.48573 0.492867 0.608556 0.838036 0.861555 0.823729 0.614955 0.953311 0.82853 0.865949 0.618132 0.520349 0.420018 0.485784 0.443644 0.856 0.627618 0.857889 0.460939 0.425199 0.353328 0.302203 0.775038 0.435737 0.537987 0.717388 0.875215 0.675395 0.906424 0.812577 0.861148 0.501618 0.695462 0.403502 0.887553 0.381949 0.712941 0.597768 0.606475 0.520272
-0.614027 0.426662 0.58789 0.735154 0 0.287807 0.454219 0.418183 0.149239 0.46558 0.123156 0.356576 0.558455 0.494015 0.698474 0.203318 0.509436 0.325073 0.82283 0.5299 0.73217 0.638936 0.130394 0.497168 0.945635 0.352435 0.292268 0.353115 0.635946 0.206011 0.32487 0.182573 0.490201 0.445595 0.549524 0.531875 0.290566 0.3587 0.494957 0.620412 0.539033 0.672405 0.191589 0.142075 0.620915 0.750034 0.615343 0.164581 0.468668 0.584682 0.303179 0.268216 0.0980569 0.347988 0.00220937 0.205208 0.447372 0 0.551371 0.351439 0.0940714 0.279942 0.454181 0.329243
-0.544856 0.766642 0.182379 0.398859 0.538146 0.491871 0.554334 0.619529 0.667964 0.724905 0.592553 0.624837 0.801589 0.406749 0.795656 0.524902 0.742436 0.3293 0.86169 0.448466 0.694945 0.426703 0.8197 0.118624 0.425146 0.392501 0.563742 0.652458 0.916968 0.725413 0.62488 0.680262 0.638982 0.669033 0.686676 0.614872 0.520837 0.489282 0.507504 0.744884 0.514365 0.736132 0.394858 0.416293 0.180544 0.323451 0.663338 0.486359 0.578314 0.910087 0.873867 0.700573 0.677653 0.405832 0.703662 0.535531 0.559164 0.333836 0.717732 0.386244 0.682297 0.788756 0.730369 0.804576
-0.613959 0.420774 0.652935 0.654212 0.379125 0.605053 0.424576 0.294109 0.539656 0.420222 0.0315977 0.511601 0.820121 0.364752 0.362389 0.27585 0.654009 0.396931 0.821152 0.775144 1 1 0.225623 0.393498 0.893961 0.609384 0.62908 0.714383 0.710156 0.676899 0.563089 0.401406 0.546272 0.647703 0.36106 0.322683 0.33242 0.404747 0.604515 0.800688 0.682719 0.791401 0.361005 0.162306 0.608005 0.966075 0.948809 0.485513 0.496534 0.679439 0.662999 0.439025 0.454755 0.473437 0.309268 0.290649 0.535481 0.301274 0.689672 0.503691 0.309681 0.463507 0.416584 0.156415
-0.613832 0.43205 0.504138 0.906972 0.508105 0.456348 0.786157 0.646222 0.600662 0.683096 0.394079 0.594149 0.775976 0.430465 0.902863 0.505666 0.742348 0.493175 0.827125 0.539295 0.680777 0.33171 0.380826 0.427669 0.859573 0.581059 0.50535 0.912354 0.755216 0.476263 0.409737 0.308862 0.732938 0.549902 0.539953 0.672451 0.417393 0.495407 0.563878 0.618476 0.553079 0.887565 0.279999 0.199607 0.570136 0.802181 0.753347 0.275484 0.858337 0.573649 0.524889 0.621285 0.425984 0.670712 0.250708 0.390948 1 0.720067 0.952757 0.584237 0.435656 0.547102 0.62237 0.523354
-0.517983 0.811615 0.363346 0.257333 0.498287 0.442026 0.70184 0.611563 0.799643 0.616279 0.572762 0.463336 0.667827 0.34058 0.749961 0.286061 0.59832 0.155243 0.819945 0.334764 0.692666 0.383017 0.814577 0.113569 0.415921 0.388686 0.537404 0.669936 0.906156 0.851779 0.69227 0.855889 0.653485 0.667854 0.616259 0.655246 0.370666 0.453157 0.511164 0.95343 0.831425 0.85697 0.465638 0.462235 0.181782 0.0743855 0.658243 0.387949 0.730665 0.919638 1 0.670385 0.774394 0.694347 0.756022 0.493584 0.66404 0.532045 0.781784 0.414896 0.776029 0.732965 0.757094 0.630544
-0.565436 0.789148 0.341487 0.261784 0.715854 0.432984 0.719414 0.624237 0.664215 0.522544 0.513095 0.433169 0.79148 0.374288 0.80168 0.445831 0.664637 0.321885 0.821096 0.369491 0.656375 0.427448 0.91562 0.116061 0.389608 0.539778 0.271903 0.591339 0.652533 0.824019 0.527479 0.663054 0.385918 0.673609 0.445152 0.521355 0.448499 0.449635 0.450202 0.664432 0.521716 0.752489 0.457575 0.418868 0.250071 0.268752 0.765283 0.441335 0.705221 1 0.960759 0.679751 0.889798 0.397795 0.617947 0.435192 0.56648 0.499742 0.825273 0.377295 0.597268 0.660158 0.788561 0.656231
-0.610423 0.782176 0.427614 0.254232 0.489467 0.378505 0.612474 0.428521 0.406762 0.446942 0.496973 0.477787 0.813351 0.243059 0.598487 0.226257 0.644272 0.0456776 0.775869 0.411079 0.629073 0.351354 0.864562 0.206574 0.29432 0.369649 0.421855 0.593886 0.547904 0.340747 0.452514 0.831607 0.941435 0.919212 0.527724 0.419917 0.399216 0.433399 0.342159 0.621774 0.470904 0.593156 0.218302 0.461086 0.141999 0.268892 0.529295 0.494831 0.52837 0.795075 0.910327 0.622132 0.625923 0.657228 0.643886 0.332121 0.518474 0.379708 0.658288 0.348163 0.76802 0.739329 0.501562 0.581703
-0.560761 0.747734 0.458515 0.34148 0.615155 0.407393 0.742121 0.48774 0.875233 0.490659 0.50025 0.465592 0.964054 0.350972 0.850687 0.287035 0.695308 0.187693 0.970432 0.422715 0.779949 0.411408 0.734145 0.291945 0.541579 0.562614 0.563888 0.599053 0.713338 0.743232 0.542877 0.809608 0.690911 0.77318 0.633171 0.627611 0.375655 0.499731 0.323769 0.78918 0.490626 0.718443 0.503153 0.436172 0.310204 0.0711238 0.629721 0.311138 0.632898 0.877099 0.970898 0.530792 0.742224 0.609273 0.835204 0.522574 0.629735 0.311952 0.815498 0.35336 0.660085 0.593575 0.600013 0.638216
-0.612423 0.520626 0.659676 0.498345 0.45355 0.431449 0.690117 0.593289 0.565536 0.41736 0.403462 0.533219 0.702026 0.685769 0.906205 0.516609 0.273206 0.283789 0.582511 0.569896 0.491773 0.416182 0.582657 0.546366 0.503308 0.487667 0.519256 0.632119 0.99003 0.742616 0.523202 0.691229 0.733433 0.71823 0.865002 0.630823 0.417296 0.261719 0.410129 0.75067 0.552308 0.669573 0.267152 0.430151 0.441354 0.349002 0.690607 0.325494 0.3849 0.8842 0.699878 0.350192 0.692266 0.480678 0.605974 0.789867 0.803562 0.417941 0.719071 0.530368 0.673379 0.52537 0.485918 0.192379
-0.613985 0.305731 0.486774 1 0.703466 0.748247 0.788901 0.938173 0.787481 0.95055 0.679001 0.744061 0.544193 0.485605 0.799074 0.606662 0.601551 0.195762 0.554443 0.513525 0.664148 0.569418 0.606854 0.0853025 0.565779 1 0.822107 0.729811 0.889267 1 0.838332 0.773463 0.714427 0.643047 0.8518 0.431779 0.355768 0.537211 0.448073 0.709466 0.61361 0.781951 0.491356 0.505321 0.148088 0.0352158 1 0.491993 1 0.687843 0.806434 0.545784 0.799252 0.690025 0.390027 0.426423 0.84093 0.81295 0.980314 0.293937 0.311571 0.590375 0.696813 0.739781
-0.613458 0.859688 0.919621 0.734396 0.737553 0.223385 0.737204 0.550626 0.613256 0.532826 0 0.797321 0.179531 0.718562 0.000222852 0.564376 0.170398 0.607537 0.206665 0.245961 0 0 0.349654 0.582318 0.648217 0.65207 0.311049 0.468293 0.53938 0.558152 0.287862 0.775697 0.295365 0.314052 0.739446 0.419338 0.449094 0.312985 0.119162 0.401137 0.333999 0.328036 0 0.17722 0.793204 0.744197 0.8483 0.235743 0.373863 0.894686 0.665703 0.233474 0.46189 0.751974 0.505167 0.768125 0.558094 0.400157 0.446019 0.417379 0.228747 0.637486 0.180636 0.594388
-0.613775 0.957544 0.746004 0 0.547314 0.607802 0.512583 0.636687 0.145822 0.537521 0.557401 0.495814 0.265911 0.254498 0.644878 0.588492 0.652171 0.0341152 0.342837 0.444603 0.473581 0.320959 1 0.272816 0.277136 0.645572 0.414294 0.658136 0.52484 0.555247 0.501537 0.566205 0.457238 0.388131 0.291629 0.467719 0.405052 0.402759 0.320244 0.532616 0.485591 0.717671 0.231434 0.499816 0.335527 0 0.780332 0.453283 0.699268 0.704419 0.608738 0.403343 0.597467 0.520282 0.314218 0.340857 0.563108 0.539537 0.680502 0.278909 0.274096 0.466102 0.52409 0.382331
-0.614062 0.99301 0.506061 0.00273576 0.254539 0 0.608808 0.344095 0.839243 0.615836 0.307994 0.537406 0.812412 0.362406 0.715874 0.310682 0.599735 0.267264 0.993213 0.129655 0.378694 0.141227 0.959089 0.106413 0.263951 0.595335 0.252017 0.720673 0.56359 0.479945 0.494626 0.563923 0.841545 0.741832 0.536891 0.534617 0.452951 0.375838 0.381166 0.751403 0.691424 0.669605 0.282949 0.318297 0.449896 0.348854 0.935309 0.319371 0.584504 0.591471 0.503576 0.386304 0.374993 0.652582 0.461855 0.49063 0.421584 0.416917 0.559237 0.304103 0.423676 0.61437 0.544893 0.479588
-0.613843 0.857569 0.596463 0.357703 0.391183 0.525547 0 0 0.122306 0.521645 0.604684 0.92509 1 0.997774 0.879516 0.596997 0.601455 0.123081 0.073012 0.229663 0.502405 0.8328 0.568445 0.405286 0.639699 0.641445 0.533492 0.546636 0.703409 0.613668 0.568449 0.715988 0.755679 0.483906 0.660609 0.453234 0.29967 0.3218 0.473114 0.57871 0.565774 0.563286 0.393225 0.27531 0.554431 0.537814 0.88334 0.527103 0.369774 0.829323 0.756971 0.6726 0.614056 0.671395 0.673925 0.575729 0.600631 0.451683 0.60006 0.545917 0.392098 0.589317 0.39279 0.383971
-0.613452 0.896015 0.655142 0.988269 1 0.859259 1 1 1 1 0.694204 0.807936 0.704775 0.686118 0.59936 0.6223 0.477662 0.623324 0.62196 0.728777 0.491932 0.71504 0.508304 0.449285 0.539983 0.495518 0.395423 0.713426 1 0.734635 0.822846 0.966226 0.728456 0.852064 0.836528 0.642484 0.493604 0.505144 0.658213 0.781692 0.781117 0.671437 0.501278 0.386733 0.489935 0.37827 0.73579 0.438368 0.532429 0.6918 0.78267 0.250757 0.57356 0.434243 0.875708 0.63881 0.984546 0.858902 1 0.608105 0.779587 0.574389 0.603777 0.43492
-0.61314 0.896352 0.727668 0.676283 0.120426 0.788425 0.840207 0.802715 0.326911 0.541005 0.261889 0.577124 0.274973 0 0.250164 0.285415 0.438811 0.242173 0.587368 0.439482 0.560974 0.247943 0.662512 0.298641 0.443283 0.469413 0.38664 0.692196 0.681821 0.615931 0.552314 0.339283 0.568938 0.650251 0.61873 0.315847 0.403328 0.451433 0.570403 0.602493 0.478749 0.590522 0.2011 0.309144 0.444003 0.371844 0.644592 0.446313 0.636321 0.780954 0.744786 0.506916 0.396799 0.511955 0.512165 0.45376 0.389259 0.471774 0.633344 0.445786 0.373172 0.571972 0.354059 0.185556
-0.614033 0.888012 0.441967 0.44193 0.577135 1 0.723944 0.910902 0.431003 0.502292 0.247367 0.341885 0 0.133516 0.395939 0.48056 0.671363 0.0982987 0 0 0.450936 0.500828 0.425976 0.52764 0.684225 0.550298 1 1 0.953243 0.967439 0.754313 0.705513 1 0.763249 0.730074 0.549491 0.408894 0.351756 0.489159 0.778262 0.601526 0.82494 0.436673 0.207895 0.603576 0.628509 0.797961 1 0.990125 0.919444 0.976173 0.926827 0.877599 1 0.746067 0.600032 0.876426 0.464582 0.622121 0.517518 0.636927 0.456429 0.583374 0.654121
-0.613748 0.902589 1 0.145551 0.247875 0.463391 0.623532 0.0170384 0.629125 0.188968 0.51271 0 0.39507 0.776989 0.761667 0 0 0.316497 0.540199 0.93017 0.124403 0.496415 0.389871 1 0.398103 0.0278438 0.618677 0.510508 0.548296 0.686933 0.417537 0.280787 0.142511 0.653212 1 0.235432 0 0.250114 0.705508 0.641856 0.729385 0.771512 0.431422 0.0295482 1 0.804666 0.589576 0.318427 0.599639 0.735925 0.842223 0.4728 0.396487 0.521491 0.381257 0.745441 0 0.0398284 0 0.699796 0.144283 0.72942 0.0823627 1
-0.614017 1 0.482647 0.649852 0.525653 0.253391 0.681079 0.744694 0.835849 0.577297 0.401105 0.460075 0.6356 0.391255 0.844939 0.212827 0.418863 0.0971121 0.61463 0.391018 0.540509 0.386743 0.556853 0.542324 0.65301 0.584815 0.347797 0.801001 0.836112 0.731101 0.695256 0.472963 0.736078 0.309301 0.566682 0.496967 0.306168 0.100609 0 0.443741 0.599094 0.676198 0.268539 0.31876 0.670495 0.441802 0.825848 0.300839 0.776644 0.889333 0.818238 0.744203 0.45252 0.784104 0.23786 0.489911 0.414337 0.108984 0.382928 0 0.269112 0.5963 0.432547 0.274179
-0.613131 0.849039 0.705264 0.475079 0.202687 0.380437 0.4001 0.627167 0.48118 0.584174 0.113127 0.410608 0.465129 0.330663 0.416998 0.317984 0.462209 0.218813 0.615783 0.416011 0.63471 0.455498 0.633983 0.398979 0.41289 0.406353 0.0681938 0.656799 0.562425 0.549889 0.551087 0.197161 0.391696 0.355375 0.547412 0.27638 0.348444 0.253591 0.390331 0.638062 0.507258 0.719259 0.347861 0.315935 0.549796 0.236674 0.692039 0.132456 0.612819 0.842633 0.641602 0.480983 0.277443 0.337927 0.365972 0.457775 0.276789 0.405214 0.593155 0.416484 0.476387 0.587899 0.545273 0.50577
-0.613947 0.851167 0.451089 0.626138 0.274569 0.340833 0.702579 0.390522 0.571166 0.45192 0.345251 0.410968 0.55617 0.0660522 0.467269 0.530473 0.505495 0.565906 0.643072 0.327738 0.336153 0.360697 0.564618 0 0.667677 0.3996 0.0855729 0.428333 0.394861 0.52865 0.31171 0.38299 0.448321 0.640993 0.413081 0.422459 0.410217 0.289218 0.428099 0.524061 0.38327 0.426498 0.287141 0.288318 0.0584417 0.586061 0.499751 0 0.388534 0.467979 0.616194 0.136628 0.399928 0.315813 0.572254 0.427528 0.533673 0.490533 0.409365 0.393211 0.291239 0.388686 0.14995 0.440427
-0.613948 0.520459 0.296519 0.573306 0.615743 0.815572 0.713166 0.933243 0.823326 0.953574 0.426587 0.614857 0.777398 1 0.742923 0.162553 0.503813 0.682028 0.711333 0.512323 0.635095 0.419943 0.823099 0.153543 0.604921 0.598426 0.873404 0.659178 0.948883 0.805252 0.588288 0.481613 0.531365 0.504151 0.68763 0.404279 0.400726 0.383553 0.439358 0.696684 0.679987 0.668384 0.223242 0.458116 0.225848 0.418646 0.72143 0.708431 0.610596 0.884459 0.750558 0.554721 0.607269 0.741903 0.658359 0.680189 0.610472 0.473675 0.529179 0.332712 0.450516 0.596695 0.423437 0.270107
-0.613752 0.932105 0.603769 0.504582 0.501132 0.505121 0.762293 0.682339 0.419742 0.583224 0.445448 0.660791 0.633185 0.677904 0.784225 0.591526 0.61122 0.248589 0.712654 0.455851 0.634811 0.42067 0.550454 0.617169 0.446006 0.368262 0.718169 0.573383 0.824313 0.469096 0.610533 0.565181 0.745074 0.664708 0.686623 0.355988 0.472626 0.44306 0.43791 0.660892 0.612693 0.614053 0.322439 0.332332 0.514743 0.405886 0.6548 0.505676 0.571232 0.819833 0.554978 0.4421 0.664007 0.692682 0.711036 0.597595 0.58192 0.826002 0.689537 0.309699 0.47375 0.546346 0.372976 0.511581
b -0.38619
CLASS 1
NUMBER 30 SIZE 63
1.02147 0.702389 0.417874 0.201133 0.515349 0.375989 0.661537 0.565691 0.709556 0.589205 0.594054 0.484043 0.789886 0.357103 0.966229 0.421964 0.637389 0.281604 0.865657 0.335366 0.7317 0.395908 0.869723 0.067631 0.359832 0.481707 0.412501 0.760196 0.863548 0.90041 0.611089 0.637032 0.425535 0.817788 0.578982 0.691492 0.535228 0.549525 0.550815 0.777537 0.443039 0.717605 0.364115 1 0 0.445983 0.421684 0.486645 0.287546 0.995719 0.576234 0.666952 0.413492 0.764392 0.482579 0.677359 0.399163 0.769378 0.517038 0.571266 0.359715 0.748757 0.487182 0.941209
1.02189 0 0.575564 0.777171 0.027197 0.231065 0.34045 0.443732 0.0942699 0.364019 0.231773 0.536094 0.566687 0.277335 0.367979 0.161041 0.386894 0.325302 0.767514 0.437684 0.551193 0.354827 0.274824 0.347416 0.91668 0.706023 0.416862 0.525291 0.630415 0.481848 0.492123 0.363002 0.419724 0.530634 0.588401 0.55323 0.325486 0.38733 0.523938 0.786559 0.718822 0.82459 0.248312 0.136102 0.496593 0.984582 0.945691 0.434844 0.534815 0.773369 0.601492 0.459126 0.387664 0.34372 0.56988 0.506223 0.726978 0.62326 0.859903 0.636159 0.680229 0.671343 0.561915 0.178789
1.02142 0.425578 0.503284 0.790233 0.253331 0.308703 0.410583 0.440139 0.0590764 0.245821 0.144465 0.473935 0.345713 0.223115 0.704309 0.293415 0.48046 0.216753 0.605573 0.363538 0.581498 0.146438 0.131314 0.407566 1 0.497154 0.30755 0.306582 0.690222 0.477066 0.453252 0.373809 0.669079 0.517138 0.397404 0.22362 0.129484 0.277825 0.38824 0.565943 0.504817 0.733789 0.191943 0.182479 0.575185 0.532769 0.606114 0.378467 0.230152 0.550256 0.417075 0.32745 0.3155 0.471699 0.696159 0.419758 0.480528 0.531267 0.889164 0.690002 1 1 1 0.984401
0.905843 0.831891 0.375523 0.236241 0.691435 0.433257 0.793215 0.596465 0.777536 0.612622 0.647817 0.489548 0.716892 0.36248 0.838574 0.35571 0.654668 0.164066 0.750498 0.2465 0.614901 0.33195 0.688483 0.16027 0.454156 0.54023 0.479656 0.823624 0.863531 0.985596 0.749568 1 0.744915 0.732056 0.668631 0.537858 0.433493 0.425785 0.401134 0.742649 0.625831 0.690372 0.330218 0.436123 0.0884526 0.140448 0.842441 0.49046 0.85386 0.927472 0.966853 0.722728 1 0.752197 0.718237 0.495054 0.668032 0.406981 0.805559 0.40175 0.64859 0.629589 0.633274 0.531086
0.952161 0.792483 0 0.467242 0.440294 0.471795 0.601021 0.666919 0.548261 0.698869 0.664521 0.554086 0.826326 0.407886 0.827604 0.375357 0.576322 0.224813 0.751894 0.503062 0.788514 0.447742 0.906259 0.111146 0.416063 0.560504 0.342694 0.668187 0.72235 0.829252 0.686437 0.808102 0.683072 1 0.674985 0.652749 0.441 0.452565 0.513041 0.749692 0.624664 0.796378 0.316413 0.388869 0.189833 0.201204 0.759014 0.481712 0.653444 0.668237 0.853249 0.625984 0.688519 0.471763 0.843952 0.555995 0.628349 0.419834 0.769078 0.387954 0.562706 0.585356 0.501847 0.541699
1.02139 0.456682 0.672862 0.535671 0.386342 0.598119 0.453518 0.413031 0.391843 0.40979 0.157447 0.637318 0.770198 0.430928 0.609753 0.204468 0.645994 0.362069 0.697254 0.468004 0.680063 0.346109 0.127285 0.488049 0.936955 0.481039 0.677578 0.465278 0.766509 0.584973 0.470329 0.398261 0.826499 0.858194 0.591082 0.283499 0.173329 0.286759 0.481554 0.669259 0.484341 0.623645 0.14756 0.0742413 0.66066 1 0.619649 0.60881 0.462047 0.844396 0.667863 0.352739 0.339842 0.615082 0.670636 0.490293 0.433871 0.172144 0.579898 0.453952 0.515956 0.562773 0.569289 0.624315
0.996792 0.794608 0.363417 0.151349 0.506053 0.479843 0.479712 0.553498 0.618965 0.753692 1 0.639304 0.750177 0.614693 1 0.481987 0.60741 0 0.717497 0.462181 0.856648 0.598938 0.742223 0.199919 0.48573 0.492867 0.608556 0.838036 0.861555 0.823729 0.614955 0.953311 0.82853 0.865949 0.618132 0.520349 0.420018 0.485784 0.443644 0.856 0.627618 0.857889 0.460939 0.425199 0.353328 0.302203 0.775038 0.435737 0.537987 0.717388 0.875215 0.675395 0.906424 0.812577 0.861148 0.501618 0.695462 0.403502 0.887553 0.381949 0.712941 0.597768 0.606475 0.520272
1.02192 0.426662 0.58789 0.735154 0 0.287807 0.454219 0.418183 0.149239 0.46558 0.123156 0.356576 0.558455 0.494015 0.698474 0.203318 0.509436 0.325073 0.82283 0.5299 0.73217 0.638936 0.130394 0.497168 0.945635 0.352435 0.292268 0.353115 0.635946 0.206011 0.32487 0.182573 0.490201 0.445595 0.549524 0.531875 0.290566 0.3587 0.494957 0.620412 0.539033 0.672405 0.191589 0.142075 0.620915 0.750034 0.615343 0.164581 0.468668 0.584682 0.303179 0.268216 0.0980569 0.347988 0.00220937 0.205208 0.447372 0 0.551371 0.351439 0.0940714 0.279942 0.454181 0.329243
0.906888 0.766642 0.182379 0.398859 0.538146 0.491871 0.554334 0.619529 0.667964 0.724905 0.592553 0.624837 0.801589 0.406749 0.795656 0.524902 0.742436 0.3293 0.86169 0.448466 0.694945 0.426703 0.8197 0.118624 0.425146 0.392501 0.563742 0.652458 0.916968 0.725413 0.62488 0.680262 0.638982 0.669033 0.686676 0.614872 0.520837 0.489282 0.507504 0.744884 0.514365 0.736132 0.394858 0.416293 0.180544 0.323451 0.663338 0.486359 0.578314 0.910087 0.873867 0.700573 0.677653 0.405832 0.703662 0.535531 0.559164 0.333836 0.717732 0.386244 0.682297 0.788756 0.730369 0.804576
1.02135 0.420774 0.652935 0.654212 0.379125 0.605053 0.424576 0.294109 0.539656 0.420222 0.0315977 0.511601 0.820121 0.364752 0.362389 0.27585 0.654009 0.396931 0.821152 0.775144 1 1 0.225623 0.393498 0.893961 0.609384 0.62908 0.714383 0.710156 0.676899 0.563089 0.401406 0.546272 0.647703 0.36106 0.322683 0.33242 0.404747 0.604515 0.800688 0.682719 0.791401 0.361005 0.162306 0.608005 0.966075 0.948809 0.485513 0.496534 0.679439 0.662999 0.439025 0.454755 0.473437 0.309268 0.290649 0.535481 0.301274 0.689672 0.503691 0.309681 0.463507 0.416584 0.156415
1.02176 0.43205 0.504138 0.906972 0.508105 0.456348 0.786157 0.646222 0.600662 0.683096 0.394079 0.594149 0.775976 0.430465 0.902863 0.505666 0.742348 0.493175 0.827125 0.539295 0.680777 0.33171 0.380826 0.427669 0.859573 0.581059 0.50535 0.912354 0.755216 0.476263 0.409737 0.308862 0.732938 0.549902 0.539953 0.672451 0.417393 0.495407 0.563878 0.618476 0.553079 0.887565 0.279999 0.199607 0.570136 0.802181 0.753347 0.275484 0.858337 0.573649 0.524889 0.621285 0.425984 0.670712 0.250708 0.390948 1 0.720067 0.952757 0.584237 0.435656 0.547102 0.62237 0.523354
0.86272 0.811615 0.363346 0.257333 0.498287 0.442026 0.70184 0.611563 0.799643 0.616279 0.572762 0.463336 0.667827 0.34058 0.749961 0.286061 0.59832 0.155243 0.819945 0.334764 0.692666 0.383017 0.814577 0.113569 0.415921 0.388686 0.537404 0.669936 0.906156 0.851779 0.69227 0.855889 0.653485 0.667854 0.616259 0.655246 0.370666 0.453157 0.511164 0.95343 0.831425 0.85697 0.465638 0.462235 0.181782 0.0743855 0.658243 0.387949 0.730665 0.919638 1 0.670385 0.774394 0.694347 0.756022 0.493584 0.66404 0.532045 0.781784 0.414896 0.776029 0.732965 0.757094 0.630544
0.941243 0.789148 0.341487 0.261784 0.715854 0.432984 0.719414 0.624237 0.664215 0.522544 0.513095 0.433169 0.79148 0.374288 0.80168 0.445831 0.664637 0.321885 0.821096 0.369491 0.656375 0.427448 0.91562 0.116061 0.389608 0.539778 0.271903 0.591339 0.652533 0.824019 0.527479 0.663054 0.385918 0.673609 0.445152 0.521355 0.448499 0.449635 0.450202 0.664432 0.521716 0.752489 0.457575 0.418868 0.250071 0.268752 0.765283 0.441335 0.705221 1 0.960759 0.679751 0.889798 0.397795 0.617947 0.435192 0.56648 0.499742 0.825273 0.377295 0.597268 0.660158 0.788561 0.656231
1.01618 0.782176 0.427614 0.254232 0.489467 0.378505 0.612474 0.428521 0.406762 0.446942 0.496973 0.477787 0.813351 0.243059 0.598487 0.226257 0.644272 0.0456776 0.775869 0.411079 0.629073 0.351354 0.864562 0.206574 0.29432 0.369649 0.421855 0.593886 0.547904 0.340747 0.452514 0.831607 0.941435 0.919212 0.527724 0.419917 0.399216 0.433399 0.342159 0.621774 0.470904 0.593156 0.218302 0.461086 0.141999 0.268892 0.529295 0.494831 0.52837 0.795075 0.910327 0.622132 0.625923 0.657228 0.643886 0.332121 0.518474 0.379708 0.658288 0.348163 0.76802 0.739329 0.501562 0.581703
0.933659 0.747734 0.458515 0.34148 0.615155 0.407393 0.742121 0.48774 0.875233 0.490659 0.50025 0.465592 0.964054 0.350972 0.850687 0.287035 0.695308 0.187693 0.970432 0.422715 0.779949 0.411408 0.734145 0.291945 0.541579 0.562614 0.563888 0.599053 0.713338 0.743232 0.542877 0.809608 0.690911 0.77318 0.633171 0.627611 0.375655 0.499731 0.323769 0.78918 0.490626 0.718443 0.503153 0.436172 0.310204 0.0711238 0.629721 0.311138 0.632898 0.877099 0.970898 0.530792 0.742224 0.609273 0.835204 0.522574 0.629735 0.311952 0.815498 0.35336 0.660085 0.593575 0.600013 0.638216
-0.97691 0.520626 0.659676 0.498345 0.45355 0.431449 0.690117 0.593289 0.565536 0.41736 0.403462 0.533219 0.702026 0.685769 0.906205 0.516609 0.273206 0.283789 0.582511 0.569896 0.491773 0.416182 0.582657 0.546366 0.503308 0.487667 0.519256 0.632119 0.99003 0.742616 0.523202 0.691229 0.733433 0.71823 0.865002 0.630823 0.417296 0.261719 0.410129 0.75067 0.552308 0.669573 0.267152 0.430151 0.441354 0.349002 0.690607 0.325494 0.3849 0.8842 0.699878 0.350192 0.692266 0.480678 0.605974 0.789867 0.803562 0.417941 0.719071 0.530368 0.673379 0.52537 0.485918 0.192379
-0.978094 0.305731 0.486774 1 0.703466 0.748247 0.788901 0.938173 0.787481 0.95055 0.679001 0.744061 0.544193 0.485605 0.799074 0.606662 0.601551 0.195762 0.554443 0.513525 0.664148 0.569418 0.606854 0.0853025 0.565779 1 0.822107 0.729811 0.889267 1 0.838332 0.773463 0.714427 0.643047 0.8518 0.431779 0.355768 0.537211 0.448073 0.709466 0.61361 0.781951 0.491356 0.505321 0.148088 0.0352158 1 0.491993 1 0.687843 0.806434 0.545784 0.799252 0.690025 0.390027 0.426423 0.84093 0.81295 0.980314 0.293937 0.311571 0.590375 0.696813 0.739781
-0.977888 0.859688 0.919621 0.734396 0.737553 0.223385 0.737204 0.550626 0.613256 0.532826 0 0.797321 0.179531 0.718562 0.000222852 0.564376 0.170398 0.607537 0.206665 0.245961 0 0 0.349654 0.582318 0.648217 0.65207 0.311049 0.468293 0.53938 0.558152 0.287862 0.775697 0.295365 0.314052 0.739446 0.419338 0.449094 0.312985 0.119162 0.401137 0.333999 0.328036 0 0.17722 0.793204 0.744197 0.8483 0.235743 0.373863 0.894686 0.665703 0.233474 0.46189 0.751974 0.505167 0.768125 0.558094 0.400157 0.446019 0.417379 0.228747 0.637486 0.180636 0.594388
-0.978515 0.957544 0.746004 0 0.547314 0.607802 0.512583 0.636687 0.145822 0.537521 0.557401 0.495814 0.265911 0.254498 0.644878 0.588492 0.652171 0.0341152 0.342837 0.444603 0.473581 0.320959 1 0.272816 0.277136 0.645572 0.414294 0.658136 0.52484 0.555247 0.501537 0.566205 0.457238 0.388131 0.291629 0.467719 0.405052 0.402759 0.320244 0.532616 0.485591 0.717671 0.231434 0.499816 0.335527 0 0.780332 0.453283 0.699268 0.704419 0.608738 0.403343 0.597467 0.520282 0.314218 0.340857 0.563108 0.539537 0.680502 0.278909 0.274096 0.466102 0.52409 0.382331
-0.978398 0.99301 0.506061 0.00273576 0.254539 0 0.608808 0.344095 0.839243 0.615836 0.307994 0.537406 0.812412 0.362406 0.715874 0.310682 0.599735 0.267264 0.993213 0.129655 0.378694 0.141227 0.959089 0.106413 0.263951 0.595335 0.252017 0.720673 0.56359 0.479945 0.494626 0.563923 0.841545 0.741832 0.536891 0.534617 0.452951 0.375838 0.381166 0.751403 0.691424 0.669605 0.282949 0.318297 0.449896 0.348854 0.935309 0.319371 0.584504 0.591471 0.503576 0.386304 0.374993 0.652582 0.461855 0.49063 0.421584 0.416917 0.559237 0.304103 0.423676 0.61437 0.544893 0.479588
-0.978248 0.857569 0.596463 0.357703 0.391183 0.525547 0 0 0.122306 0.521645 0.604684 0.92509 1 0.997774 0.879516 0.596997 0.601455 0.123081 0.073012 0.229663 0.502405 0.8328 0.568445 0.405286 0.639699 0.641445 0.533492 0.546636 0.703409 0.613668 0.568449 0.715988 0.755679 0.483906 0.660609 0.453234 0.29967 0.3218 0.473114 0.57871 0.565774 0.563286 0.393225 0.27531 0.554431 0.537814 0.88334 0.527103 0.369774 0.829323 0.756971 0.6726 0.614056 0.671395 0.673925 0.575729 0.600631 0.451683 0.60006 0.545917 0.392098 0.589317 0.39279 0.383971
-0.977903 0.896015 0.655142 0.988269 1 0.859259 1 1 1 1 0.694204 0.807936 0.704775 0.686118 0.59936 0.6223 0.477662 0.623324 0.62196 0.728777 0.491932 0.71504 0.508304 0.449285 0.539983 0.495518 0.395423 0.713426 1 0.734635 0.822846 0.966226 0.728456 0.852064 0.836528 0.642484 0.493604 0.505144 0.658213 0.781692 0.781117 0.671437 0.501278 0.386733 0.489935 0.37827 0.73579 0.438368 0.532429 0.6918 0.78267 0.250757 0.57356 0.434243 0.875708 0.63881 0.984546 0.858902 1 0.608105 0.779587 0.574389 0.603777 0.43492
-0.976482 0.896352 0.727668 0.676283 0.120426 0.788425 0.840207 0.802715 0.326911 0.541005 0.261889 0.577124 0.274973 0 0.250164 0.285415 0.438811 0.242173 0.587368 0.439482 0.560974 0.247943 0.662512 0.298641 0.443283 0.469413 0.38664 0.692196 0.681821 0.615931 0.552314 0.339283 0.568938 0.650251 0.61873 0.315847 0.403328 0.451433 0.570403 0.602493 0.478749 0.590522 0.2011 0.309144 0.444003 0.371844 0.644592 0.446313 0.636321 0.780954 0.744786 0.506916 0.396799 0.511955 0.512165 0.45376 0.389259 0.471774 0.633344 0.445786 0.373172 0.571972 0.354059 0.185556
-0.978585 0.888012 0.441967 0.44193 0.577135 1 0.723944 0.910902 0.431003 0.502292 0.247367 0.341885 0 0.133516 0.395939 0.48056 0.671363 0.0982987 0 0 0.450936 0.500828 0.425976 0.52764 0.684225 0.550298 1 1 0.953243 0.967439 0.754313 0.705513 1 0.763249 0.730074 0.549491 0.408894 0.351756 0.489159 0.778262 0.601526 0.82494 0.436673 0.207895 0.603576 0.628509 0.797961 1 0.990125 0.919444 0.976173 0.926827 0.877599 1 0.746067 0.600032 0.876426 0.464582 0.622121 0.517518 0.636927 0.456429 0.583374 0.654121
-0.977913 0.902589 1 0.145551 0.247875 0.463391 0.623532 0.0170384 0.629125 0.188968 0.51271 0 0.39507 0.776989 0.761667 0 0 0.316497 0.540199 0.93017 0.124403 0.496415 0.389871 1 0.398103 0.0278438 0.618677 0.510508 0.548296 0.686933 0.417537 0.280787 0.142511 0.653212 1 0.235432 0 0.250114 0.705508 0.641856 0.729385 0.771512 0.431422 0.0295482 1 0.804666 0.589576 0.318427 0.599639 0.735925 0.842223 0.4728 0.396487 0.521491 0.381257 0.745441 0 0.0398284 0 0.699796 0.144283 0.72942 0.0823627 1
-0.978368 1 0.482647 0.649852 0.525653 0.253391 0.681079 0.744694 0.835849 0.577297 0.401105 0.460075 0.6356 0.391255 0.844939 0.212827 0.418863 0.0971121 0.61463 0.391018 0.540509 0.386743 0.556853 0.542324 0.65301 0.584815 0.347797 0.801001 0.836112 0.731101 0.695256 0.472963 0.736078 0.309301 0.566682 0.496967 0.306168 0.100609 0 0.443741 0.599094 0.676198 0.268539 0.31876 0.670495 0.441802 0.825848 0.300839 0.776644 0.889333 0.818238 0.744203 0.45252 0.784104 0.23786 0.489911 0.414337 0.108984 0.382928 0 0.269112 0.5963 0.432547 0.274179
-0.976468 0.849039 0.705264 0.475079 0.202687 0.380437 0.4001 0.627167 0.48118 0.584174 0.113127 0.410608 0.465129 0.330663 0.416998 0.317984 0.462209 0.218813 0.615783 0.416011 0.63471 0.455498 0.633983 0.398979 0.41289 0.406353 0.0681938 0.656799 0.562425 0.549889 0.551087 0.197161 0.391696 0.355375 0.547412 0.27638 0.348444 0.253591 0.390331 0.638062 0.507258 0.719259 0.347861 0.315935 0.549796 0.236674 0.692039 0.132456 0.612819 0.842633 0.641602 0.480983 0.277443 0.337927 0.365972 0.457775 0.276789 0.405214 0.593155 0.416484 0.476387 0.587899 0.545273 0.50577
-0.977997 0.851167 0.451089 0.626138 0.274569 0.340833 0.702579 0.390522 0.571166 0.45192 0.345251 0.410968 0.55617 0.0660522 0.467269 0.530473 0.505495 0.565906 0.643072 0.327738 0.336153 0.360697 0.564618 0 0.667677 0.3996 0.0855729 0.428333 0.394861 0.52865 0.31171 0.38299 0.448321 0.640993 0.413081 0.422459 0.410217 0.289218 0.428099 0.524061 0.38327 0.426498 0.287141 0.288318 0.0584417 0.586061 0.499751 0 0.388534 0.467979 0.616194 0.136628 0.399928 0.315813 0.572254 0.427528 0.533673 0.490533 0.409365 0.393211 0.291239 0.388686 0.14995 0.440427
-0.978258 0.520459 0.296519 0.573306 0.615743 0.815572 0.713166 0.933243 0.823326 0.953574 0.426587 0.614857 0.777398 1 0.742923 0.162553 0.503813 0.682028 0.711333 0.512323 0.635095 0.419943 0.823099 0.153543 0.604921 0.598426 0.873404 0.659178 0.948883 0.805252 0.588288 0.481613 0.531365 0.504151 0.68763 0.404279 0.400726 0.383553 0.439358 0.696684 0.679987 0.668384 0.223242 0.458116 0.225848 0.418646 0.72143 0.708431 0.610596 0.884459 0.750558 0.554721 0.607269 0.741903 0.658359 0.680189 0.610472 0.473675 0.529179 0.332712 0.450516 0.596695 0.423437 0.270107
-0.976666 0.932105 0.603769 0.504582 0.501132 0.505121 0.762293 0.682339 0.419742 0.583224 0.445448 0.660791 0.633185 0.677904 0.784225 0.591526 0.61122 0.248589 0.712654 0.455851 0.634811 0.42067 0.550454 0.617169 0.446006 0.368262 0.718169 0.573383 0.824313 0.469096 0.610533 0.565181 0.745074 0.664708 0.686623 0.355988 0.472626 0.44306 0.43791 0.660892 0.612693 0.614053 0.322439 0.332332 0.514743 0.405886 0.6548 0.505676 0.571232 0.819833 0.554978 0.4421 0.664007 0.692682 0.711036 0.597595 0.58192 0.826002 0.689537 0.309699 0.47375 0.546346 0.372976 0.511581
b -0.0220948
CLASS 2
CLASS 3
