0.000000000,5.000000000,mean,-1571.07,48.5278,-0.278922,9.7299,-2.13088,8.16959,-3.41415,3.67102,-6.25113,1.88851,-2.41046,2.60108,1.44031,3.99624,-0.0684268,-1.99046,-1.60797,0.498978,-0.377791,-1.21852,-2.09338,"(mean value, continuous-time average)"2 
5.000000000,15.000000000,mean,-475.003,44.5471,-9.01043,14.1461,-3.9254,7.16327,-3.45549,5.00003,-6.03799,4.34646,-1.30318,2.95472,1.57088,4.45094,-2.56326,-1.76928,-2.94008,2.17947,-2.27554,0.29896,-2.09784,"(mean value, continuous-time average)"2 
20.000000000,5.000000000,mean,-452.557,59.8518,-5.89952,12.6575,0.307806,8.31194,1.37515,5.66362,-4.23328,5.39697,-0.724908,2.9373,1.06385,4.66199,-2.10923,-0.359127,-3.17644,3.08646,-2.61287,0.224713,-3.84963,"(mean value, continuous-time average)"2 
25.000000000,25.000000000,mean,-413.336,49.5767,-8.95512,13.6729,-4.3113,6.7717,-0.57347,4.27978,-5.41582,5.30708,-0.887556,3.14257,0.453861,3.5106,-3.50526,-0.0215575,-1.96635,4.1045,-2.22986,0.507021,-4.16616,"(mean value, continuous-time average)"2 
50.000000000,5.000000000,mean,-362.643,38.4329,-5.4918,12.9982,-5.83959,2.36804,-2.69197,2.87843,-6.48018,4.95166,-4.04453,1.85648,2.21299,5.07348,-3.02127,2.83309,-0.725998,3.94867,-3.48738,-0.0150203,-5.31929,"(mean value, continuous-time average)"2 
55.000000000,111.440634920,mean,-432.192,49.0471,-11.5543,12.5685,-0.133746,7.6065,-0.774208,3.77617,-4.25813,5.12611,-0.174863,2.97222,1.17509,3.5651,-2.63375,0.537127,-2.47159,3.15126,-2.33845,-0.379633,-4.57941,"(mean value, continuous-time average)"2 
0.000000000,5.000000000,mean,-2100.28,26.8758,33.6077,20.5324,13.7726,11.4782,4.98206,7.45803,4.43284,6.24844,1.32158,0.403243,-1.3569,2.75115,1.31566,2.32326,-2.69254,0.191908,-0.950816,1.32077,-0.168192,"(mean value, continuous-time average)"2 
5.000000000,15.000000000,mean,-531.044,21.6961,29.2416,32.4288,9.71561,15.956,3.87601,10.6542,5.43638,6.01407,1.15135,2.71921,-1.52389,3.84119,-0.680191,3.94663,-2.26007,0.707794,-0.786247,1.77129,-1.49562,"(mean value, continuous-time average)"2 
20.000000000,5.000000000,mean,-445.141,14.4775,-0.813293,42.6665,11.3682,10.7815,-0.981056,11.3226,5.45112,6.81795,-1.00964,1.87694,0.858356,1.32585,-3.50148,4.97969,-2.51216,2.42794,-1.78004,1.94925,-0.571729,"(mean value, continuous-time average)"2 
25.000000000,25.000000000,mean,-435.804,16.5198,2.3837,37.11,6.57618,12.7366,0.249526,10.1856,4.18873,6.27134,-0.20776,2.86782,-0.00994286,3.19769,-1.33891,4.92624,-2.95023,1.72453,-1.94262,2.00383,-0.787732,"(mean value, continuous-time average)"2 
50.000000000,5.000000000,mean,-314.806,12.8954,-23.2609,27.9525,0.193787,17.3297,-7.43186,5.35905,-2.47882,6.85196,-1.06015,-1.39245,-4.93582,5.54228,0.374581,6.49648,-4.92303,-0.606075,-2.47256,2.49049,-1.43084,"(mean value, continuous-time average)"2 
55.000000000,177.199546484,mean,-424.601,23.1618,-5.43005,31.8803,6.12854,13.8523,-2.6406,7.65544,0.507795,6.28108,-0.792596,0.815551,-3.25459,4.37745,-0.734452,5.01304,-3.89121,0.898602,-1.8304,1.71671,-1.37257,"(mean value, continuous-time average)"2 
0.000000000,5.000000000,mean,-736.077,81.08,15.6662,22.0058,-12.5758,9.74671,-4.4528,4.48526,-3.93744,-4.49558,2.26433,-4.67471,1.89857,-6.53316,0.665742,-3.34113,2.3809,-3.61292,-3.67065,-8.46296,-7.3221,"(mean value, continuous-time average)"2 
5.000000000,15.000000000,mean,-621.078,87.2402,11.7412,22.6821,-12.0444,9.33547,-9.26014,4.43966,-8.09221,0.422967,-0.694433,-0.654493,0.0943692,-3.23161,-0.00460981,-3.13802,-1.1414,-4.28705,-4.12478,-7.11241,-5.27432,"(mean value, continuous-time average)"2 
20.000000000,5.000000000,mean,-523.971,63.3899,5.89865,22.2871,-7.29611,4.17057,-9.16272,1.6079,-11.4656,6.85654,-7.2878,-2.76314,-0.890551,1.11734,-1.38971,0.63436,-8.27035,-2.49974,-5.57876,-5.01649,-7.75544,"(mean value, continuous-time average)"2 
25.000000000,25.000000000,mean,-551.107,71.0208,7.552,20.397,-9.81287,8.62815,-6.77944,3.72724,-10.3041,0.181066,-0.244105,0.715476,-2.53976,-0.817483,-1.37311,-3.24437,-4.46591,-3.31147,-2.77383,-5.61337,-4.17405,"(mean value, continuous-time average)"2 
50.000000000,5.000000000,mean,-523.604,69.0718,16.8873,20.6202,-9.09189,2.09957,-2.43884,2.08284,-8.86796,0.859653,-0.177023,0.339828,1.78533,1.9939,-3.17415,-0.995883,-2.73173,-1.64873,-1.7371,-3.64189,-2.46363,"(mean value, continuous-time average)"2 
55.000000000,348.098412698,mean,-458.172,42.0902,2.4781,18.176,-3.41928,7.55059,-2.03086,5.31677,-4.06759,3.32769,-1.53915,1.59957,-1.58018,2.59238,-3.93933,1.45786,-2.82945,0.123434,-2.18156,-2.05311,-3.93825,"(mean value, continuous-time average)"2 
0.000000000,5.000000000,mean,-495.091,59.3384,-33.942,13.7828,6.72217,2.2234,-2.35764,-3.49049,-3.84337,4.32433,-3.07255,-3.47186,-4.58651,0.959068,1.03639,2.9883,-4.68418,-2.12315,-1.65142,-1.48652,-3.28971,"(mean value, continuous-time average)"2 
5.000000000,15.000000000,mean,-329.727,37.6229,-23.3674,16.7002,-1.10099,8.2597,-7.78789,-0.309195,-4.3988,3.47196,-4.0445,-2.22657,-7.13836,1.59135,-1.18698,3.08004,-5.3971,-1.1988,-3.3446,-0.0526167,-3.87691,"(mean value, continuous-time average)"2 
20.000000000,5.000000000,mean,-324.644,32.9311,-24.314,21.9065,-3.5255,8.96963,-9.50271,1.54403,-4.89907,3.23662,-4.8627,-1.71835,-7.86129,1.92824,-2.38629,2.37411,-4.75005,-0.398459,-3.51927,0.962818,-4.37184,"(mean value, continuous-time average)"2 
25.000000000,25.000000000,mean,-316.02,27.3856,-22.2039,16.4204,-2.56683,9.00161,-6.42676,0.75999,-4.53024,2.98768,-3.83715,-2.13332,-6.13099,2.17636,-1.97571,2.31317,-5.01301,-0.724634,-3.71084,0.185233,-3.70523,"(mean value, continuous-time average)"2 
50.000000000,5.000000000,mean,-318.309,29.2175,-25.2551,17.335,-1.20894,10.0147,-7.03174,0.756692,-5.39283,3.26782,-3.47994,-2.53299,-6.61886,2.05681,-1.97592,2.29225,-5.18981,-1.07784,-4.41263,0.438481,-3.96997,"(mean value, continuous-time average)"2 
55.000000000,128.902040815,mean,-326.599,27.9734,-31.8399,20.4565,4.32344,10.5175,-9.11019,0.0125692,-6.58054,2.5662,-4.87027,-1.46107,-6.22109,1.85897,-2.35039,2.72139,-5.35061,-1.44917,-3.81743,0.798568,-3.54851,"(mean value, continuous-time average)"2 
0.000000000,5.000000000,mean,-407.751,29.291,-33.7572,1.1277,-23.7899,5.4463,-9.48079,8.34124,-2.27411,0.377889,-2.33635,4.13822,-3.07855,1.7842,-3.23348,2.2994,-1.81158,4.99222,-4.85292,-2.88432,-5.54779,"(mean value, continuous-time average)"2 
5.000000000,15.000000000,mean,-319.982,28.7121,-25.4031,12.5183,-12.6234,7.96501,-11.1833,-0.75271,-6.16824,2.65156,0.356357,3.23876,-3.92825,2.87597,-2.7444,1.47789,-3.47307,3.33182,-1.62307,-1.08964,-4.74437,"(mean value, continuous-time average)"2 
20.000000000,5.000000000,mean,-337.183,16.555,-25.3875,18.964,-9.45201,10.5505,-8.59659,-0.111591,-5.11146,3.19718,0.89477,3.27018,-4.04354,3.0495,-1.30242,1.8524,-3.68349,3.09816,-0.722866,0.225197,-3.61868,"(mean value, continuous-time average)"2 
25.000000000,25.000000000,mean,-510.406,12.7508,-4.32055,29.5265,2.37524,12.4902,-4.26021,-0.152651,-4.87734,1.3745,-0.222646,1.68244,-1.044,1.70199,-0.66617,1.99711,-4.22496,0.277065,-2.47617,-1.27063,-5.222,"(mean value, continuous-time average)"2 
50.000000000,5.000000000,mean,-433.825,39.1767,-5.50021,24.8257,-6.06148,7.2232,-9.75819,-1.69148,-5.74141,-0.683828,-1.59392,-0.311794,-3.67288,0.281291,-3.03007,0.591765,-4.74257,0.805198,-2.09796,0.685629,-3.27911,"(mean value, continuous-time average)"2 
55.000000000,168.654603174,mean,-408.752,28.7479,-19.4628,18.1436,-7.13469,7.67029,-9.82194,-0.667775,-6.50453,0.615147,-1.24979,1.86604,-3.71925,1.80016,-2.1813,1.33912,-4.02663,1.64028,-2.32447,-0.128853,-4.12905,"(mean value, continuous-time average)"2 
0.000000000,5.000000000,mean,-741.295,40.6118,-9.77925,7.0341,2.59292,-14.9447,-17.8578,-3.89173,-4.16149,5.0725,4.52592,6.7504,5.80043,3.68606,1.16711,2.322,-3.58804,-5.07514,-3.83632,-1.0619,3.14082,"(mean value, continuous-time average)"2 
5.000000000,15.000000000,mean,-458.223,53.0962,1.94856,18.3364,5.2089,-0.370506,-7.04459,7.98982,2.89643,7.03433,-1.99259,0.509863,-3.42463,-0.140553,-1.20141,3.826,0.95063,2.96596,0.255665,-0.199856,-3.72249,"(mean value, continuous-time average)"2 
20.000000000,5.000000000,mean,-456.913,45.9678,5.20513,21.6648,0.827702,6.15101,-5.32711,2.82851,-2.84278,5.8248,-0.39162,-0.367558,-2.11774,1.68546,-4.77086,0.805201,-2.07377,0.338212,-2.42993,-1.40636,-2.00642,"(mean value, continuous-time average)"2 
25.000000000,25.000000000,mean,-442.724,56.109,0.541949,15.9493,-2.42362,-0.56021,-4.32197,6.79952,-0.27112,2.66653,-0.714228,-1.71427,-1.65402,3.52189,-4.0575,0.566628,-2.18089,0.712115,-1.76825,-0.346392,-2.39283,"(mean value, continuous-time average)"2 
50.000000000,5.000000000,mean,-461.181,48.2796,5.20024,22.3138,1.46607,2.00011,-4.01665,4.20756,0.115528,3.56247,-1.32574,2.87879,-1.99902,2.52756,-2.73119,1.16421,-0.449978,0.407668,-2.48908,-1.12141,-3.95832,"(mean value, continuous-time average)"2 
55.000000000,333.237641722,mean,-441.387,47.8173,-6.54181,11.7728,-1.46576,2.83331,-2.78843,5.47212,-1.79309,3.84671,-1.90082,2.05121,-1.57208,2.33218,-2.97181,2.13113,-0.655068,1.74839,-1.78941,0.0442476,-2.598,"(mean value, continuous-time average)"2 
0.000000000,5.000000000,mean,-646.617,47.96,32.8153,33.35,19.3455,18.5486,6.48724,11.0842,5.4237,6.48901,2.45222,2.63937,1.44518,0.430061,1.55602,0.695632,2.57541,0.930562,1.23726,-1.21618,1.66134,"(mean value, continuous-time average)"2 
5.000000000,15.000000000,mean,-563.584,57.0244,0.855377,16.298,21.8645,18.5554,-0.282181,8.22098,1.28324,5.66406,2.71591,6.98502,0.0311916,3.59001,3.06765,5.64807,-1.04966,-1.72045,-2.02794,3.1845,4.04127,"(mean value, continuous-time average)"2 
20.000000000,5.000000000,mean,-475.346,50.2979,-2.91351,13.1174,-4.21469,10.3673,1.60828,5.48815,4.97522,10.1488,-0.799473,4.82487,0.620624,4.85745,-0.382533,4.35827,1.16671,3.58224,0.495673,0.253306,-0.426669,"(mean value, continuous-time average)"2 
25.000000000,25.000000000,mean,-427.568,42.9737,-6.12011,15.6299,-0.840111,9.10743,-0.309609,7.30769,-0.694514,9.4038,-2.20174,5.73292,-2.16127,4.53248,-2.95871,4.53533,1.09915,5.40023,-0.252733,1.49868,-3.0035,"(mean value, continuous-time average)"2 
50.000000000,5.000000000,mean,-390.273,42.6633,-3.83445,15.1821,-1.74939,5.95653,-7.33633,4.80583,-8.5144,2.84317,-4.70649,5.91462,-0.758238,7.34405,0.769625,6.77253,0.653959,5.28571,-2.72213,1.38519,-3.59641,"(mean value, continuous-time average)"2 
55.000000000,333.609160997,mean,-408.548,39.2604,-9.4375,15.3307,0.561372,5.82441,-7.26486,5.59665,-3.31288,6.11667,-2.61758,3.93961,-2.43276,3.60451,-2.70955,3.93281,-0.461003,2.3483,-2.08427,1.28617,-3.5096,"(mean value, continuous-time average)"2 
0.000000000,5.000000000,mean,-645.785,57.0423,11.7407,-4.66928,15.7896,13.1966,1.68434,-0.400598,-3.77356,-0.351634,-1.63332,-3.34567,-8.14301,-3.62832,-3.62184,0.185223,-2.12072,0.55211,-1.70348,-0.199103,-4.20705,"(mean value, continuous-time average)"2 
5.000000000,15.000000000,mean,-474.553,44.9063,-0.633923,13.5638,-6.70912,6.41245,-6.64094,2.33438,-2.57036,-1.34618,-5.03126,-0.697225,-5.88312,-3.75609,-4.87776,0.337358,-3.39691,-1.28043,-2.59239,0.245475,-3.79089,"(mean value, continuous-time average)"2 
20.000000000,5.000000000,mean,-428.082,35.4726,-10.7866,11.5883,-4.53545,9.83063,-5.83191,2.87827,-3.33862,-0.684493,-3.18928,1.97853,-2.76963,-0.617254,-2.4253,3.31739,-0.370563,0.718305,-3.61223,-0.988407,-4.81533,"(mean value, continuous-time average)"2 
25.000000000,25.000000000,mean,-415.238,29.4881,-6.81282,12.7701,-6.99229,6.27061,-8.48723,2.84049,-5.20961,-2.27093,-5.02913,0.33415,-4.63511,-1.13142,-4.33449,0.843314,-2.66354,0.158853,-3.19765,-0.744783,-3.67799,"(mean value, continuous-time average)"2 
50.000000000,5.000000000,mean,-439.65,38.6636,-4.19832,10.7741,-1.46151,8.48359,-5.18423,3.92388,-3.27398,-0.296507,-3.59866,0.44512,-4.3981,-0.124251,-2.55847,1.63096,-2.22746,0.169409,-2.75986,-1.58155,-5.36776,"(mean value, continuous-time average)"2 
55.000000000,111.812154194,mean,-397.25,22.1967,-11.1673,10.6197,-1.36976,8.33052,-8.82024,0.999213,-6.13412,-1.02516,-1.94816,-0.0516276,-4.39276,-0.993168,-3.56498,1.48412,-1.66662,1.99498,-2.93593,0.538983,-3.29228,"(mean value, continuous-time average)"2 
0.000000000,5.000000000,mean,-666.325,21.2648,-4.08978,15.0718,26.4108,9.30258,4.31814,1.37551,-4.54928,-0.581426,-5.79721,-7.17469,-6.27719,-1.93412,-0.622496,3.24044,-3.89338,-5.87392,-6.17089,-1.8201,-1.02992,"(mean value, continuous-time average)"2 
5.000000000,15.000000000,mean,-509.802,52.672,6.00074,18.8122,21.4221,16.3287,1.18313,10.8073,5.22916,8.13877,2.86207,2.59978,-0.285839,1.76575,-3.28885,1.54169,-1.42858,4.05979,-1.55655,4.5116,0.417126,"(mean value, continuous-time average)"2 
20.000000000,5.000000000,mean,-500.579,58.009,8.83037,16.326,17.865,17.6116,0.514918,10.6067,2.86908,5.6438,3.26866,3.57223,-1.03644,3.2988,-2.29935,1.38572,-1.79289,3.52742,-1.94421,2.60896,-1.3712,"(mean value, continuous-time average)"2 
25.000000000,25.000000000,mean,-508.054,54.3061,7.10049,19.9922,19.081,14.9342,2.21759,9.91363,4.92669,7.42781,2.06785,3.02707,-0.883081,2.81215,-2.89901,0.949445,-2.0379,4.27505,-1.74627,3.46546,-0.00856554,"(mean value, continuous-time average)"2 
50.000000000,5.000000000,mean,-504.083,52.5591,10.3361,18.1871,18.6024,17.0895,-1.8412,9.31058,5.31643,8.24358,3.35874,3.96417,-1.52099,5.98761,-2.6203,1.47358,-0.954101,3.48978,-4.56363,1.1428,-2.03932,"(mean value, continuous-time average)"2 
55.000000000,123.700770974,mean,-529.793,54.3769,7.13842,18.3904,21.3969,15.2947,2.05353,9.62987,3.64062,7.50205,2.30872,1.82019,-1.37095,3.71044,-2.50472,0.875696,-2.09449,3.48602,-1.43006,2.15488,-1.68769,"(mean value, continuous-time average)"2 
0.000000000,5.000000000,mean,-630.426,91.1456,-24.1101,0.839645,-0.527371,5.93943,-17.443,4.75602,-10.8276,3.61717,-11.8488,-1.6733,2.71506,2.3164,-8.0086,-5.57978,-1.20498,0.0360711,3.28446,-6.63035,-1.08536,"(mean value, continuous-time average)"2 
5.000000000,15.000000000,mean,-503.774,99.453,-28.641,-19.0288,4.75457,4.89446,-11.6393,3.4414,-9.24601,-1.09426,-10.0814,0.38426,-0.528202,-1.04232,-10.1377,-2.53827,-1.53834,-1.23374,-2.03963,0.0292276,0.192649,"(mean value, continuous-time average)"2 
20.000000000,5.000000000,mean,-511.645,104.495,-14.4651,-14.2758,3.93873,5.23774,-8.95423,4.43935,-7.48051,-1.69528,-9.57777,2.0203,3.16524,-1.96508,-11.5518,-0.584028,1.9947,1.3474,-0.207143,1.78906,-1.44797,"(mean value, continuous-time average)"2 
25.000000000,25.000000000,mean,-503.149,106.052,-12.5439,-8.58889,10.0855,7.66039,-4.41236,8.03484,-4.96629,2.66278,-3.31766,5.02828,5.07915,0.372488,-12.3804,-2.27836,2.49687,2.45124,-0.412561,0.936588,-2.44407,"(mean value, continuous-time average)"2 
50.000000000,5.000000000,mean,-617.58,87.0795,20.3115,8.11496,-6.09569,7.59135,-6.2712,6.19222,-3.9719,-0.302049,-3.46271,-1.52439,1.33914,-5.00778,-6.27186,-7.25036,2.28162,-2.71204,-0.301883,-4.80941,0.41762,"(mean value, continuous-time average)"2 
55.000000000,219.552743763,mean,-405.63,35.591,4.71348,16.0929,-6.84125,6.84644,-2.40529,7.38406,-2.83565,3.45914,-1.57103,2.38564,-3.54052,1.59317,-5.26823,0.354733,-3.0382,1.22841,-2.96942,-1.65943,-3.03198,"(mean value, continuous-time average)"2 
0.000000000,5.000000000,mean,-390.537,26.359,9.95531,12.8465,-11.0695,7.86689,0.271796,8.28332,-3.04634,1.85121,-3.70516,1.6761,-2.6754,3.2842,-4.73749,-0.0768562,-3.908,0.850372,-2.19612,-0.500577,-2.46323,"(mean value, continuous-time average)"2 
5.000000000,15.000000000,mean,-454.28,54.2671,8.4606,16.3131,-6.34998,9.26999,-3.15394,6.09409,0.622499,1.9877,-0.964225,-1.68042,-4.16256,1.23351,-5.21524,-2.46292,-8.61027,-1.50085,-1.47802,-0.0894911,-4.76338,"(mean value, continuous-time average)"2 
20.000000000,5.000000000,mean,-460.466,59.454,6.28889,18.3478,-5.95404,12.5811,-2.22402,5.41045,1.05419,1.62543,-0.685282,-2.83015,-3.5798,2.41846,-4.62382,-3.48133,-10.3565,-1.81884,-1.97725,0.326366,-3.82936,"(mean value, continuous-time average)"2 
25.000000000,25.000000000,mean,-446.901,55.3522,0.703909,19.7493,-6.71022,12.2351,-0.497859,6.63634,1.71752,1.12464,-2.1528,-1.72318,-3.31433,1.81775,-5.37152,-1.81332,-8.9843,-1.45314,-1.74863,-0.861796,-4.61552,"(mean value, continuous-time average)"2 
50.000000000,5.000000000,mean,-433.53,58.3864,-0.236749,19.535,-6.73304,11.8968,-2.56806,5.63385,1.58037,0.693225,0.281004,-3.6818,-3.68703,0.190374,-5.67734,-1.8806,-10.1409,-1.14058,-2.38006,-0.649089,-4.73823,"(mean value, continuous-time average)"2 
55.000000000,77.632380952,mean,-426.832,52.1728,1.12979,17.3487,-11.4796,11.1909,-0.73791,6.16044,0.732152,-0.542408,-2.85913,-1.54014,-4.81195,1.90996,-5.70144,-0.0527709,-6.4917,-1.77072,-2.67994,-1.42245,-4.49812,"(mean value, continuous-time average)"2 
0.000000000,5.000000000,mean,-762.302,54.2367,-1.85054,-1.11358,-4.69168,-1.54402,-2.5894,2.23167,-2.90853,-2.70554,-4.58076,-0.697733,-3.52214,-1.68937,-3.12125,0.49262,-2.40853,0.862983,-1.94206,0.887111,-1.59943,"(mean value, continuous-time average)"2 
5.000000000,15.000000000,mean,-441.003,49.8515,-10.4222,6.03847,-14.8227,8.41552,-8.31031,2.98563,-2.92337,-2.54441,-5.9054,-1.14594,-5.45304,-1.62045,-4.0305,0.510323,-2.36054,1.07849,-3.0162,2.0338,-1.61357,"(mean value, continuous-time average)"2 
20.000000000,5.000000000,mean,-436.826,45.3471,-13.2612,7.89468,-16.1654,8.93582,-8.62383,1.42623,-3.37632,-3.14029,-5.84462,-2.18033,-3.87976,-1.27876,-3.6672,-0.516642,-3.52305,1.28677,-3.22491,0.987178,-2.66966,"(mean value, continuous-time average)"2 
25.000000000,25.000000000,mean,-398.059,52.3834,-9.54634,12.558,-10.4875,10.4872,-8.41334,1.33623,-3.40359,-1.17283,-4.66635,-1.03093,-3.46826,0.799196,-0.38237,1.93153,-2.86703,1.65913,-2.73456,0.553136,-3.15002,"(mean value, continuous-time average)"2 
50.000000000,5.000000000,mean,-435.328,47.876,-11.8527,13.0674,-12.8347,7.91194,-3.69537,1.52177,-3.8045,-2.41653,-6.07953,-1.75435,-4.31913,-1.53526,-3.13068,1.06739,-2.74762,1.46877,-2.51122,0.690135,-3.09313,"(mean value, continuous-time average)"2 
55.000000000,145.620408162,mean,-421.503,35.4673,-8.42159,13.5156,-11.7193,9.18985,-6.3734,0.934009,-3.32497,-1.38901,-5.25703,-1.04416,-4.12492,0.0888409,-2.46136,2.22769,-2.98698,1.06906,-2.3163,0.369962,-3.07718,"(mean value, continuous-time average)"2 
0.000000000,5.000000000,mean,-475.051,63.4984,-13.0484,-4.00895,-2.01997,2.93258,-5.33541,3.69794,-0.321163,5.42813,-3.54768,-2.07934,-3.29117,2.27078,-1.72976,0.268187,-1.7152,3.7781,0.756804,-0.442012,-4.02323,"(mean value, continuous-time average)"2 
5.000000000,15.000000000,mean,-381.455,25.3985,-12.778,3.34985,-7.4628,3.57779,-6.59869,5.25949,-0.763222,5.49182,-3.10909,1.3239,-3.19596,3.41414,-1.96721,2.39776,-0.978167,3.45141,-0.589648,-0.18334,-4.22444,"(mean value, continuous-time average)"2 
20.000000000,5.000000000,mean,-364.404,17.9234,-10.7062,4.82652,-7.99632,3.50604,-4.30268,6.65101,-1.59118,5.4628,-1.72318,1.78646,-2.08524,4.71352,-2.19956,2.12661,0.0837823,4.03385,-1.00775,-0.708985,-4.87907,"(mean value, continuous-time average)"2 
25.000000000,25.000000000,mean,-360.945,19.6619,-12.0088,3.83566,-8.08862,4.56066,-4.11755,6.51856,-1.51704,5.90526,-2.19872,1.17671,-3.19738,3.6048,-3.25714,1.90226,0.219809,4.02203,-1.06396,-0.50306,-4.09268,"(mean value, continuous-time average)"2 
50.000000000,5.000000000,mean,-346.991,15.3762,-10.2606,6.79434,-7.13838,5.10585,-5.24224,6.27436,-1.08103,4.78495,-2.98575,3.17683,-3.53643,3.10701,-2.7676,3.0898,0.436504,4.26796,-1.26633,-1.14599,-5.10905,"(mean value, continuous-time average)"2 
55.000000000,96.579863945,mean,-465.025,16.1814,-13.6651,4.49704,-7.66703,6.33053,-4.40526,6.00555,-2.55512,6.39122,-3.01133,1.23579,-3.23833,4.12801,-2.65899,2.16107,-0.70557,3.65218,-0.887699,0.366872,-4.37555,"(mean value, continuous-time average)"2 
0.000000000,5.000000000,mean,-624.458,52.8059,16.5328,18.2392,9.30666,8.84643,2.45651,2.13219,-2.83458,-1.83089,-2.36659,-0.0695924,-4.50077,-0.493745,-2.05258,3.52433,-0.233537,1.40801,-2.73984,-2.36478,-5.45406,"(mean value, continuous-time average)"2 
5.000000000,15.000000000,mean,-574.862,50.6545,14.8251,17.8165,8.75296,7.21246,0.72671,2.61787,-2.48153,-1.94388,-1.3331,2.14581,-4.81448,-1.1947,-2.35334,2.97447,1.25133,2.9323,-3.3473,-1.84528,-4.02848,"(mean value, continuous-time average)"2 
20.000000000,5.000000000,mean,-535.73,45.0448,13.4932,19.7247,2.03218,4.5439,-2.71625,2.61854,-4.53018,4.94505,-0.592804,1.83103,-4.30759,-3.01619,-3.36677,1.98381,1.62519,-0.0660667,-5.02292,0.703964,-5.38215,"(mean value, continuous-time average)"2 
25.000000000,25.000000000,mean,-521.468,48.9857,9.81381,19.5581,1.73344,4.22886,-2.72387,2.70889,-3.10177,0.658962,-1.8395,2.43541,-3.94491,-0.940682,-1.76364,2.86563,0.577906,2.03763,-4.17637,-1.30135,-4.99769,"(mean value, continuous-time average)"2 
50.000000000,5.000000000,mean,-496.4,55.5072,2.60229,18.745,-0.172665,4.11824,-2.12748,4.10683,-2.69912,-2.013,-2.82835,1.75472,-5.95297,-0.244206,-1.14907,0.269637,-2.28318,1.37867,-5.30941,-4.26327,-5.85971,"(mean value, continuous-time average)"2 
55.000000000,164.939410430,mean,-513.624,44.1544,8.05216,19.0582,-0.350263,3.67065,-2.48386,3.83199,-3.00794,0.611014,-3.05541,1.13682,-4.4236,-1.59151,-2.77555,1.55858,-0.234666,0.676318,-5.99783,-2.15263,-5.4211,"(mean value, continuous-time average)"2 
0.000000000,5.000000000,mean,-618.708,55.4107,2.38873,6.30962,18.2458,8.08667,3.395,0.768318,0.438729,4.58191,-1.68544,-2.62217,-3.93107,1.62788,0.0668283,1.10219,-6.24563,-1.70179,-2.22873,0.452722,-2.50361,"(mean value, continuous-time average)"2 
5.000000000,15.000000000,mean,-487.79,34.1912,2.83789,11.4918,14.3336,11.8676,0.894539,3.87741,1.82303,5.18498,-2.79495,-2.12956,-3.67486,3.32037,-0.335658,0.738192,-6.9413,-1.24069,-1.52746,-0.0338092,-3.10025,"(mean value, continuous-time average)"2 
20.000000000,5.000000000,mean,-474.145,37.5364,3.53266,9.98765,11.0512,10.6137,-0.575064,1.52578,-0.00924175,4.13913,-3.57148,-2.64826,-4.40473,3.43078,0.111056,0.948958,-6.56941,-1.37332,-2.17044,-0.261627,-3.27751,"(mean value, continuous-time average)"2 
25.000000000,25.000000000,mean,-453.358,33.0129,0.878778,11.8669,8.52328,9.26032,-1.75507,4.15094,-0.53858,3.25816,-2.83524,-1.89699,-4.17778,4.29086,0.177156,1.09423,-5.97687,-0.703355,-2.25456,-0.0678004,-3.29887,"(mean value, continuous-time average)"2 
50.000000000,5.000000000,mean,-422.17,25.4566,-1.41395,12.9652,5.3159,8.6939,-2.71656,4.6273,-0.576275,3.96987,-1.1364,-1.22072,-4.90111,4.14685,0.496858,0.492282,-6.76151,0.75633,-1.60491,-0.306197,-2.71433,"(mean value, continuous-time average)"2 
55.000000000,384.135782312,mean,-393.732,23.5192,-11.8022,13.5559,10.2324,7.87045,-5.46281,2.18287,-1.0551,3.74856,-3.09158,-2.45632,-5.74068,3.52504,-0.010099,2.90928,-5.04444,0.127087,-1.6313,0.300328,-2.88612,"(mean value, continuous-time average)"2 
0.000000000,5.000000000,mean,-1359.99,24.9404,-35.5789,-11.6619,-22.8458,-7.51764,1.9157,7.2974,3.10018,3.75346,-5.04998,1.07935,0.269691,5.25427,-2.84465,3.32689,4.5061,10.926,7.81977,-0.431634,-2.25973,"(mean value, continuous-time average)"2 
5.000000000,15.000000000,mean,-541.661,47.4352,1.772,18.2715,0.410898,7.98596,-7.4712,3.71629,-8.96824,1.99928,-2.53739,1.16197,-1.83136,2.79129,-1.16812,1.81506,2.13202,2.20248,-0.0843093,-0.615376,-0.826385,"(mean value, continuous-time average)"2 
20.000000000,5.000000000,mean,-515.839,42.5313,9.63125,18.0589,2.68179,10.149,-4.28202,4.46363,-8.16643,2.67444,-4.64746,4.01054,0.806597,6.07797,0.517944,5.91888,4.90499,5.86847,2.09834,1.70161,-1.50114,"(mean value, continuous-time average)"2 
25.000000000,25.000000000,mean,-510.469,41.1746,10.3142,19.0859,4.40932,8.12232,-5.08621,4.57684,-6.46272,4.12315,-3.00865,3.59241,0.209187,4.33959,-0.118815,4.15417,2.10685,3.39169,-0.244028,0.0386767,-1.96621,"(mean value, continuous-time average)"2 
50.000000000,5.000000000,mean,-404.417,35.386,-2.55275,21.4494,-0.998998,8.59048,-9.01156,7.23247,-7.58532,3.67529,-4.7945,4.01371,-5.42213,3.76459,-3.46418,4.24763,-1.54463,2.35827,-3.8145,1.51174,-2.01138,"(mean value, continuous-time average)"2 
55.000000000,227.726167800,mean,-463.596,33.8056,-0.909471,17.7685,3.95994,8.98434,-7.52577,5.77941,-8.02554,4.45434,-3.5673,6.01361,-1.58837,5.75774,-1.73814,5.09734,0.0462488,3.02574,-2.29093,0.868137,-2.86294,"(mean value, continuous-time average)"2 
0.000000000,5.000000000,mean,-513.786,11.2444,19.5065,38.468,7.32467,17.5475,1.38974,16.4154,1.72089,10.4453,-3.37248,3.41424,-4.95488,4.88148,-7.15716,-0.509499,-3.80581,1.53657,-2.12337,2.18649,-3.26523,"(mean value, continuous-time average)"2 
5.000000000,15.000000000,mean,-449.151,15.0678,4.97692,22.4324,1.09907,17.0984,-0.155653,17.7893,0.903079,13.7194,-2.45406,5.47343,-4.28143,6.71499,-7.19937,0.344269,-5.45888,2.33135,-3.09757,2.09959,-4.72223,"(mean value, continuous-time average)"2 
20.000000000,5.000000000,mean,-371.775,-3.93599,-13.1742,17.7413,4.5857,18.2512,-0.669561,9.65102,2.85268,12.5293,0.224906,2.07164,-2.38685,9.0217,-2.53953,-0.656861,-4.13513,2.38076,-3.11798,-0.657959,-4.5575,"(mean value, continuous-time average)"2 
25.000000000,25.000000000,mean,-375.37,16.267,-6.32956,16.3562,-4.18054,11.1621,-1.49627,9.55658,-1.92808,9.87757,-2.81683,2.0334,-3.8169,5.36919,-4.37753,2.79993,-2.31104,3.35639,-2.341,-0.286997,-5.86464,"(mean value, continuous-time average)"2 
50.000000000,5.000000000,mean,-366.222,20.5202,-4.01146,15.6107,-6.95298,8.25217,-4.79599,8.08186,-5.12504,9.91273,-3.51372,3.37881,-4.92557,5.1561,-5.20577,4.25321,-2.33021,4.28453,-2.95343,-0.328235,-6.65289,"(mean value, continuous-time average)"2 
55.000000000,455.095963718,mean,-416.574,32.6685,-7.10012,11.9909,-1.57624,7.33836,-5.37191,5.08017,-3.25594,5.42758,-4.0008,1.43379,-3.99348,3.45384,-3.62643,2.46607,-1.86196,3.56332,-1.7787,-0.350719,-4.78414,"(mean value, continuous-time average)"2 
0.000000000,5.000000000,mean,-616.555,39.5422,15.438,20.7235,17.9401,12.827,5.3907,7.88676,5.58088,9.12086,3.68736,1.42936,-1.20326,5.49483,2.74608,3.11092,-1.744,2.57357,-0.75258,-0.745811,-3.3337,"(mean value, continuous-time average)"2 
5.000000000,15.000000000,mean,-504.704,64.5052,-4.82336,15.6275,16.3292,5.68435,2.43753,4.85854,4.02272,9.57739,1.71178,-0.284488,-1.72724,5.20545,2.9351,4.48902,-2.17323,1.97572,-0.999876,-0.0675123,-2.37293,"(mean value, continuous-time average)"2 
20.000000000,5.000000000,mean,-482.414,61.4362,-11.1792,14.5081,14.5841,5.23374,1.19444,5.66043,4.38178,10.5391,3.00665,0.585702,-1.58256,5.06792,2.19828,4.60627,-2.7774,1.31165,-1.52037,0.19629,-2.44568,"(mean value, continuous-time average)"2 
25.000000000,25.000000000,mean,-448.548,58.0127,-19.5818,18.8417,12.1865,6.77089,-1.4053,6.5016,3.9464,8.71946,1.93088,-0.383604,-1.48139,6.22532,1.47227,3.59121,-1.99752,1.80366,-2.02974,-0.549213,-2.46409,"(mean value, continuous-time average)"2 
50.000000000,5.000000000,mean,-419.583,49.1452,-31.1567,21.361,16.8704,8.39471,-6.67351,5.02805,4.15425,10.1693,1.43666,-2.51073,-0.88585,6.55548,0.137826,3.92027,-0.504805,1.02075,-2.56078,0.19514,-2.85696,"(mean value, continuous-time average)"2 
55.000000000,157.509024942,mean,-416.457,24.8587,-15.6737,20.1644,7.26193,9.74155,-2.09166,7.98685,2.87147,7.3919,0.904478,1.17772,-0.701428,4.0517,0.428455,4.17665,-2.32164,1.89241,-2.29104,-0.0278766,-2.36138,"(mean value, continuous-time average)"2 
0.000000000,5.000000000,mean,-595.83,27.1475,-9.27989,17.4428,-0.135239,3.13818,-7.88533,-1.39114,-3.02469,-0.0964493,-10.638,-0.343515,-0.978869,-1.31371,-0.269679,1.8057,-3.99508,0.0204637,-1.83575,1.9086,-0.591674,"(mean value, continuous-time average)"2 
5.000000000,15.000000000,mean,-571.939,36.113,-2.28136,11.6468,2.1138,5.12605,-2.76123,-0.794242,-4.01183,-1.77995,-8.99908,-1.14271,-1.08414,0.219102,-0.821863,1.88133,-2.61596,0.12425,-2.43326,0.982088,-1.37723,"(mean value, continuous-time average)"2 
20.000000000,5.000000000,mean,-501.298,66.5685,-8.55672,10.1269,-2.28316,-0.168673,-5.36739,-1.05768,-3.65958,-4.13614,-13.294,-2.61496,-2.10347,-0.626426,-4.16347,0.67661,-3.44593,-2.88451,-3.75239,0.444143,-3.34188,"(mean value, continuous-time average)"2 
25.000000000,25.000000000,mean,-501.261,66.5094,-8.66618,11.375,-1.89462,-0.0043812,-4.66888,-0.469664,-5.23159,-3.20029,-12.6181,-3.92491,-2.4373,-0.215778,-3.29112,-0.439112,-5.29705,-1.75338,-4.0879,0.532305,-2.4142,"(mean value, continuous-time average)"2 
50.000000000,5.000000000,mean,-496.535,72.5577,-10.914,10.6954,-1.07882,-2.61728,-5.79891,1.07558,-3.9759,-3.82616,-11.0055,-4.26268,-3.10286,1.2643,-2.91996,0.799927,-4.64804,-2.58068,-4.59287,-0.314349,-2.29452,"(mean value, continuous-time average)"2 
55.000000000,194.289433106,mean,-416.118,29.1231,-18.8844,25.9681,11.6101,9.6602,-3.93813,-0.437423,-4.73444,3.57475,1.01116,2.58913,0.484382,4.00256,-0.798326,1.13421,-4.25665,4.93835,-0.77706,-0.500552,-2.62437,"(mean value, continuous-time average)"2 
0.000000000,5.000000000,mean,-2219.16,2.93472,11.1144,6.22758,9.18425,5.45507,6.09006,4.10731,3.02042,1.96366,2.13067,1.88209,2.26254,1.11322,0.948708,0.719864,0.649531,1.34846,1.20309,0.435529,0.834274,"(mean value, continuous-time average)"1 
5.000000000,15.000000000,mean,-540.854,74.2788,-21.2851,10.1221,6.12635,-3.89624,7.36035,3.24109,-2.44112,-0.345731,-1.92136,-0.430202,2.91544,-3.42215,-1.87836,0.468753,-1.86253,0.267738,-0.665007,-3.11946,-2.18713,"(mean value, continuous-time average)"1 
20.000000000,5.000000000,mean,-520.552,75.2592,-27.0009,8.83268,3.3097,-3.05978,5.11423,2.11506,-0.447396,-2.06062,-2.21089,1.8535,4.75756,1.51689,2.31986,2.37032,-1.36551,-0.560305,-1.65731,-3.22565,-0.880099,"(mean value, continuous-time average)"1 
25.000000000,25.000000000,mean,-497.355,70.0385,-27.9233,10.1921,-0.674249,-0.0872577,2.50038,5.2372,-0.761266,-0.8129,-0.513451,1.32281,-0.033765,-2.71574,-0.760334,1.41277,-1.25361,0.85692,0.0947699,-1.44041,-1.24734,"(mean value, continuous-time average)"1 
50.000000000,5.000000000,mean,-515.374,70.7953,-28.1363,3.77211,-3.48915,-5.7956,-0.553542,0.842786,-3.31244,-0.645297,-0.759578,1.82218,3.02873,-1.24602,0.916116,2.51501,-0.0106177,2.09856,1.84747,-0.281037,-0.963186,"(mean value, continuous-time average)"1 
55.000000000,652.744217686,mean,-496.626,69.3404,-27.8313,1.56115,-4.07598,-0.85332,-7.02728,1.72644,0.978225,-0.933757,-1.8673,1.40758,2.18752,1.85282,0.0608956,1.74667,-1.07666,0.255599,0.126621,-0.374507,-1.284,"(mean value, continuous-time average)"1 
0.000000000,5.000000000,mean,-742.006,33.5376,3.84434,-2.93171,11.9223,10.9319,-1.7104,-5.86668,5.06519,4.23842,-2.0901,-3.74069,2.21383,4.54642,0.73692,0.904962,3.83231,2.15185,-0.542422,-1.84074,-0.696962,"(mean value, continuous-time average)"1 
5.000000000,15.000000000,mean,-632.553,48.414,-7.33152,-10.7711,12.1025,12.4692,-6.94279,-7.73397,6.75214,4.72609,-2.08202,-4.94743,2.3766,5.15941,0.253058,-1.77303,-1.73452,0.285045,0.0479258,-2.82696,-0.815777,"(mean value, continuous-time average)"1 
20.000000000,5.000000000,mean,-597.991,50.8958,-10.3401,8.5611,15.1328,9.81333,-1.04377,-1.52812,5.45009,0.0227584,-2.16475,-3.19932,-1.96168,-0.133101,-1.41725,-0.526635,0.579933,0.163234,0.206615,-1.43867,0.468636,"(mean value, continuous-time average)"1 
25.000000000,25.000000000,mean,-595.763,60.7618,-7.67402,0.056275,17.1923,10.4831,-5.54005,-3.87033,6.11059,2.13625,-1.08663,-3.52172,-0.232498,2.69324,2.14103,1.96773,0.407887,0.825781,0.837666,-1.656,-0.449185,"(mean value, continuous-time average)"1 
50.000000000,5.000000000,mean,-659.109,53.9469,12.3025,1.8897,15.3987,4.46724,1.57027,2.09371,3.22503,2.08139,2.44396,-2.50973,-4.83719,-0.203715,5.46601,4.98165,2.69319,2.99298,3.57932,0.557027,-0.432264,"(mean value, continuous-time average)"1 
55.000000000,1.099410430,mean,-1756.5,5.15641,19.749,9.2878,10.7573,9.10645,8.82487,5.15705,4.4657,3.94755,3.29238,1.52246,0.750217,0.988026,1.6941,2.18471,2.40896,1.16025,1.0447,-0.108416,0.172177,"(mean value, continuous-time average)"1 
0.000000000,5.000000000,mean,-705.871,53.963,8.80158,-2.73373,6.07607,3.01974,-3.35474,-1.90625,-1.45191,-4.1758,-2.67492,-1.52058,0.655261,0.842713,1.92021,2.9707,3.39331,3.14027,1.42164,-2.22539,-3.99879,"(mean value, continuous-time average)"1 
5.000000000,15.000000000,mean,-604.671,70.8885,3.0862,-7.27845,2.88799,-1.69071,-6.60253,-1.74254,1.68672,-3.23905,-3.29342,-2.07118,0.114156,1.13543,2.41139,1.74292,0.572434,-0.602161,-2.01313,-2.91315,0.0559986,"(mean value, continuous-time average)"1 
20.000000000,5.000000000,mean,-636.915,60.0546,13.6425,-0.938287,5.43672,1.41736,-4.9748,-2.19365,-0.907333,-3.17593,-1.16813,-0.124062,-0.435473,-0.0341763,2.49912,3.65327,2.07469,-1.56464,-5.44486,-6.89678,-2.17621,"(mean value, continuous-time average)"1 
25.000000000,25.000000000,mean,-589.414,68.6823,-4.07551,-7.04559,-2.00456,-3.89598,-8.40063,-0.899181,2.64803,-3.04961,-2.15723,1.44135,2.67933,1.35163,1.139,-1.07938,-2.96697,-2.223,-0.495155,-0.455287,0.704269,"(mean value, continuous-time average)"1 
50.000000000,5.000000000,mean,-595.986,69.5431,-0.0699249,0.868685,11.0969,4.84975,-6.55762,-5.15274,-0.0480585,-5.8235,-3.90112,-0.376503,-1.11268,-3.00184,-0.857594,2.39522,3.20959,3.41711,2.36775,-0.466793,-1.77708,"(mean value, continuous-time average)"1 
55.000000000,33.793106575,mean,-657.471,66.332,4.95658,-4.18963,5.97893,0.667064,-5.3021,-1.68855,1.10196,-2.847,-1.79856,-0.187132,0.666294,0.0860794,0.828011,1.38659,0.949849,0.497672,0.525179,-0.929981,-0.396444,"(mean value, continuous-time average)"1 
0.000000000,5.000000000,mean,-701.331,39.8625,-10.5527,-3.4264,8.44658,5.75238,-7.61712,-6.98221,9.3393,1.05368,-5.31876,0.949164,3.19483,0.704139,-1.59428,-0.192675,0.908348,-0.47239,-0.0666642,-1.14734,1.22025,"(mean value, continuous-time average)"1 
5.000000000,15.000000000,mean,-622.285,43.153,-15.2895,-6.32537,9.74941,8.90155,-9.19633,-10.3469,8.89414,2.38809,-7.88609,-3.32748,4.26415,2.69314,-3.51999,-1.71494,2.41132,1.20237,-0.22081,-0.426418,1.4928,"(mean value, continuous-time average)"1 
20.000000000,5.000000000,mean,-666.785,32.6277,-2.76755,-2.9561,15.5967,16.9287,-5.73034,-14.2699,1.70178,1.66249,-7.06539,-6.24924,5.24167,7.1774,-1.19924,-0.731817,4.97586,3.52331,-0.66722,-2.27571,-1.54254,"(mean value, continuous-time average)"1 
25.000000000,7.693696144,mean,-912.981,44.1864,-4.49037,-8.09372,8.86986,5.01332,-6.79066,-6.25975,5.38712,2.1272,-5.15966,-4.73716,1.63545,3.5544,1.05265,-1.06445,-0.171212,0.904902,-0.307568,-1.39675,0.344004,"(mean value, continuous-time average)"1 
0.000000000,5.000000000,mean,-599.585,61.458,-9.79918,5.30549,-5.40873,4.67466,-4.4247,2.72292,1.70405,-0.411936,-0.699579,0.119277,0.770088,1.69865,0.0367918,0.737736,-0.421292,0.0133689,-0.992173,-1.16255,-0.681661,"(mean value, continuous-time average)"1 
5.000000000,13.575963718,mean,-613.124,72.7445,-25.7809,3.36533,-8.69253,3.80808,-6.99151,4.86818,4.7566,2.38485,-1.16191,1.73242,1.88634,3.02345,-1.03677,1.19408,-1.49513,1.67188,-0.0611201,-0.0711327,-2.19561,"(mean value, continuous-time average)"1 
0.000000000,5.000000000,mean,-733.056,38.8206,3.60589,-6.3125,7.46813,3.23689,-8.60082,-7.31801,5.73249,2.98623,-5.2019,-7.16292,-0.783326,0.259112,-2.90673,-1.86024,1.79485,3.09548,2.04816,1.82368,3.45563,"(mean value, continuous-time average)"1 
5.000000000,15.000000000,mean,-669.184,39.0813,0.844553,-9.94389,8.78635,8.48777,-6.7011,-9.59863,6.26131,5.18607,-5.04917,-6.6398,1.68755,4.13436,-0.587785,-3.20748,-0.450095,0.927431,-1.04768,-2.31495,0.637937,"(mean value, continuous-time average)"1 
20.000000000,5.000000000,mean,-675.911,38.7715,6.98666,-7.66762,6.90596,2.49345,-11.0865,-8.19799,9.81422,6.69888,-6.11253,-7.68505,3.29277,7.34166,0.886155,-2.93381,-0.220923,0.46784,-2.95659,-4.246,-1.43314,"(mean value, continuous-time average)"1 
25.000000000,16.610158729,mean,-759.849,42.1524,-1.56554,-4.34671,6.62321,4.33858,-7.49806,-6.71798,8.14769,3.69175,-4.70905,-2.65604,2.73036,2.19659,-1.10513,-1.69079,0.561334,1.22164,0.300232,-0.796162,0.41519,"(mean value, continuous-time average)"1 
0.000000000,5.000000000,mean,-575.791,61.5921,-16.4701,6.10141,2.72439,8.74127,-9.2057,-1.92408,2.62827,1.38348,-2.2306,-1.06173,0.628889,3.48829,0.498102,0.739893,-0.106163,0.745382,-2.17051,-2.2215,-1.61611,"(mean value, continuous-time average)"1 
5.000000000,15.000000000,mean,-487.225,60.6674,-22.5123,0.451165,-4.71325,8.77766,-11.5514,-0.24989,3.00136,-0.303313,-4.1006,-0.469087,2.07913,4.40619,-0.297593,0.76831,-0.723666,0.329187,-0.911998,-0.0433403,-0.576795,"(mean value, continuous-time average)"1 
20.000000000,5.000000000,mean,-477.487,67.9804,-25.1608,3.18875,-2.02765,8.94574,-8.3878,1.15562,1.87377,-2.00385,-0.867573,3.67696,2.99617,2.5854,-0.665329,1.56541,-0.0312596,1.36441,-0.940964,-1.33181,-1.75425,"(mean value, continuous-time average)"1 
25.000000000,10.665850339,mean,-510.866,67.0664,-21.0815,1.57624,-1.58014,7.12647,-6.3952,3.32629,2.42794,-1.5068,-3.25257,0.488627,2.11926,3.89033,0.61907,0.813957,-2.45829,-1.32852,-2.47676,-1.37955,-0.530457,"(mean value, continuous-time average)"1 
0.000000000,5.000000000,mean,-732.977,32.0337,3.13505,-0.155152,8.37865,6.10536,-6.20208,-6.76584,8.04093,4.42163,-2.72285,-1.11174,1.88298,1.98485,-0.299274,-2.01762,-0.752231,-0.724271,-1.70923,-2.75325,-0.929328,"(mean value, continuous-time average)"1 
5.000000000,15.000000000,mean,-632.516,46.1729,4.47221,0.105505,12.6198,10.5764,-2.84763,-4.08228,5.82983,3.56003,-0.782434,-2.54616,0.703393,3.68265,1.50869,-0.0631706,0.884505,1.33633,0.514939,-0.673107,0.619813,"(mean value, continuous-time average)"1 
20.000000000,5.000000000,mean,-601.031,52.8878,-6.14804,-4.20066,12.8417,6.32869,-7.17992,-2.37271,9.21038,0.783499,-5.57444,-3.5569,-0.0205884,-0.640519,-2.14628,-0.538551,-0.179407,0.988324,2.15341,0.768391,1.22752,"(mean value, continuous-time average)"1 
25.000000000,25.000000000,mean,-602.929,50.4491,-3.36059,1.08689,13.4128,7.2628,-5.91116,-2.11176,8.26598,2.74341,-1.28716,-1.83924,0.0416092,0.435618,0.297824,1.04108,0.143167,-0.132558,-0.630259,-2.39606,-1.56242,"(mean value, continuous-time average)"1 
50.000000000,5.000000000,mean,-603.898,54.5327,-6.44055,-3.53024,15.8893,3.99592,-8.10335,0.39649,9.9312,3.02311,-1.81485,-4.01289,-1.51547,0.858224,0.832193,0.828916,-0.32683,1.2293,-0.114704,-4.20783,-3.22061,"(mean value, continuous-time average)"1 
55.000000000,58.313378684,mean,-604.41,49.4708,-9.21526,-1.23402,15.2684,7.16498,-5.93661,-2.66794,6.00894,1.19324,-1.92611,-2.59456,0.4764,1.72938,0.401574,1.77413,0.886486,0.728459,0.294268,-1.28518,0.10391,"(mean value, continuous-time average)"1 
0.000000000,5.000000000,mean,-708.448,45.3258,9.01273,-8.28604,0.845817,1.12742,-3.54713,-5.97862,-1.20772,1.46929,5.85188,5.93374,3.69023,0.735977,-0.157399,0.366034,-1.1407,-1.88379,1.17754,2.17009,2.39437,"(mean value, continuous-time average)"1 
5.000000000,15.000000000,mean,-603.383,52.9437,-6.70951,-14.893,-0.0425728,0.177447,-16.7978,-9.15573,2.96503,-6.96401,-2.77093,4.46421,5.20371,4.96386,2.81228,4.8939,4.17828,-2.75585,-3.52225,-3.193,-0.4757,"(mean value, continuous-time average)"1 
20.000000000,5.000000000,mean,-605.618,46.6594,-9.13308,-12.8924,-1.90758,-0.713153,-18.6965,-5.04626,7.34576,-3.70481,-5.81703,-1.39713,-1.27704,-4.58516,-6.10311,-1.51279,2.99113,1.68211,3.46937,5.29541,6.86473,"(mean value, continuous-time average)"1 
25.000000000,25.000000000,mean,-609.914,48.3678,-11.5633,-15.8758,-1.86874,-1.14692,-20.177,-7.53455,5.10121,-7.77777,-5.59338,1.36689,0.334855,0.00769899,0.0590573,4.16664,6.06957,1.64675,2.29394,-0.0999104,-2.05511,"(mean value, continuous-time average)"1 
50.000000000,5.000000000,mean,-594.548,47.6211,-17.0709,-20.3818,-8.05113,-2.55734,-24.0358,-8.99232,6.81338,-4.41354,-2.51852,7.78459,6.34623,4.2078,1.98263,3.85648,7.61074,0.570606,0.0368136,-1.33558,-4.29267,"(mean value, continuous-time average)"1 
55.000000000,10.758911564,mean,-802.957,42.9438,3.99656,-10.6374,-0.436749,-2.20096,-10.1884,-5.16782,3.16625,-0.287162,0.465965,2.69024,-0.34341,-3.76716,-3.26613,1.05696,5.69874,4.39227,3.48849,1.44491,-1.0705,"(mean value, continuous-time average)"1 
0.000000000,5.000000000,mean,-457.102,63.2579,-41.6644,13.8791,11.7363,2.46149,0.372995,-2.68158,-4.99794,6.41127,-3.21623,-3.4612,-4.85882,-0.580498,1.47041,3.57021,-5.63981,0.102009,-2.48233,-2.79748,-3.86429,"(mean value, continuous-time average)"2 
5.000000000,15.000000000,mean,-306.969,18.5203,-23.5644,16.7374,-0.82048,10.9876,-5.46958,2.48957,-4.47169,1.42753,-4.58857,-0.374203,-6.61196,2.78899,-1.06541,3.88119,-4.51227,1.0801,-3.10635,-0.372399,-3.35803,"(mean value, continuous-time average)"2 
20.000000000,5.000000000,mean,-304.521,16.4547,-22.4457,17.5969,-1.23783,11.7728,-6.27895,3.04039,-4.61365,2.05846,-3.05135,0.447364,-6.38874,3.21776,-2.07767,3.09184,-5.23812,1.42664,-3.97711,-1.54379,-4.07354,"(mean value, continuous-time average)"2 
25.000000000,25.000000000,mean,-316.628,20.4381,-23.9154,21.9361,1.28269,12.7193,-5.06836,3.31446,-4.48441,1.80889,-4.58704,0.094941,-6.28004,3.33475,-1.72667,3.44481,-5.04919,1.46884,-3.19497,-0.943335,-3.49665,"(mean value, continuous-time average)"2 
50.000000000,5.000000000,mean,-392.139,53.6615,-45.1889,42.5155,17.1277,5.9357,-1.69611,-1.83085,-7.97005,6.24183,-7.89547,-0.151777,-4.25638,0.929549,-0.508979,5.59898,-5.24189,-1.58671,0.920173,-1.7928,-1.77341,"(mean value, continuous-time average)"2 
55.000000000,53.483628117,mean,-333.944,22.4872,-25.3748,23.2961,3.07548,10.0505,-5.27114,2.45349,-4.87497,3.2488,-4.94641,0.47482,-6.28521,2.17845,-2.29192,3.5659,-5.42068,0.452068,-2.6736,-0.909218,-3.43915,"(mean value, continuous-time average)"2 
0.000000000,5.000000000,mean,-683.205,50.0156,-1.25581,-7.937,-1.76248,-0.58294,-5.82372,-2.71899,1.14971,5.98912,4.82044,-0.695202,-4.60427,-6.53575,-6.03924,-2.88296,0.353132,0.905206,1.09842,-1.5814,-1.47263,"(mean value, continuous-time average)"1 
5.000000000,15.000000000,mean,-597.423,57.74,-1.36112,-8.23884,-3.14399,-0.471268,-6.58897,-3.33925,-0.282948,7.27942,6.95032,1.57669,-3.58396,-5.08041,-4.56332,-3.87402,-1.59976,-0.454155,2.18272,-0.784543,-1.13906,"(mean value, continuous-time average)"1 
20.000000000,5.000000000,mean,-570.822,62.3515,-6.84406,-6.50808,-6.89296,-7.03636,-21.7754,-4.96228,10.4194,-6.54715,-6.81004,0.599025,0.95799,2.39117,0.14474,6.14388,4.44312,-8.91065,-10.1164,-10.0505,-7.35108,"(mean value, continuous-time average)"1 
25.000000000,25.000000000,mean,-591.027,60.0801,-2.26793,-5.38524,0.836166,1.81148,-9.43972,-3.26363,2.44552,1.8707,0.972572,1.10963,-0.978243,-2.89008,-2.91561,-0.98323,0.564827,-1.29522,0.257145,-1.30604,-1.46562,"(mean value, continuous-time average)"1 
50.000000000,5.000000000,mean,-570.054,62.1448,-8.01584,-8.0409,-1.71555,0.654287,-15.637,-6.34393,3.28004,-2.0728,-2.20428,1.51449,-0.445864,-3.80999,-4.50754,2.33688,5.13309,0.34712,1.62329,0.394665,-1.88332,"(mean value, continuous-time average)"1 
55.000000000,236.271111110,mean,-588.538,58.3729,-4.91105,-6.45513,-0.117465,2.03242,-11.8396,-4.72099,2.20664,-0.546017,-0.289648,1.62376,-0.635653,-3.24064,-3.6606,-0.218076,1.71142,-2.02956,-1.18791,-1.91499,-2.36578,"(mean value, continuous-time average)"1 
0.000000000,5.000000000,mean,-725.501,33.8724,2.69625,-3.86185,10.2428,10.2215,-2.68972,-3.21585,9.10305,3.40343,-1.84131,0.474411,3.95866,4.06734,0.988876,1.34882,1.33122,-1.04904,-0.625999,-0.421575,0.465914,"(mean value, continuous-time average)"1 
5.000000000,15.000000000,mean,-631.204,42.2453,-4.50991,-3.16278,9.73259,9.70708,-9.56913,-9.15092,10.0422,5.49413,-3.85808,-2.43903,3.17996,2.31233,-1.57164,0.0077624,1.9547,0.151801,-1.48993,-2.45432,-0.259291,"(mean value, continuous-time average)"1 
20.000000000,5.000000000,mean,-648.777,44.373,0.340428,-0.0357115,15.1063,14.1575,-8.55273,-9.19192,7.48946,5.1518,-4.27258,-4.85489,2.86505,4.52746,-1.9765,-1.94079,1.50792,1.38867,-0.292269,-1.29037,0.539935,"(mean value, continuous-time average)"1 
25.000000000,21.439909296,mean,-742.596,39.4826,5.53447,-3.69804,7.97142,9.95038,-2.8832,-6.87675,3.91871,4.23545,-0.109341,-2.53053,2.18105,4.22986,-1.15314,-1.83529,1.1593,1.45364,1.55413,-0.03263,0.709137,"(mean value, continuous-time average)"1 
0.000000000,5.000000000,mean,-701.837,49.4135,0.715225,-5.88511,5.58107,0.332807,-0.982726,-0.612351,0.367243,-0.209182,1.83324,1.69816,0.0511305,-2.02047,-1.22417,-0.728961,-0.706856,-0.333652,1.49719,-0.821309,-3.49949,"(mean value, continuous-time average)"1 
5.000000000,15.000000000,mean,-626.031,47.4297,-7.07559,-7.50519,1.65963,-4.58039,-5.92283,-4.19568,-1.41808,-0.8435,1.05223,-0.334704,-3.06933,-4.16065,-2.5296,-2.66378,-1.99323,-0.210692,1.04198,-0.495466,-0.972322,"(mean value, continuous-time average)"1 
20.000000000,5.000000000,mean,-587.232,52.4613,-10.5874,3.49707,3.87197,-1.49532,-3.4828,-2.01152,0.43405,0.337882,2.43076,0.235682,-4.01927,-3.54578,0.307273,0.459246,-0.354849,-1.15856,-1.07876,-0.955049,-0.32513,"(mean value, continuous-time average)"1 
25.000000000,25.000000000,mean,-640.732,46.0125,-0.0744365,-8.28872,0.823289,-3.54634,-7.99009,-5.69585,0.722197,-2.06993,-0.283491,2.7547,1.54829,-1.01039,-1.34858,-1.22465,-2.30606,-3.42166,-2.21371,-2.07066,-1.08414,"(mean value, continuous-time average)"1 
50.000000000,5.000000000,mean,-636.384,37.9291,-9.61681,-10.8329,-2.83397,-6.99425,-19.786,-13.4147,2.55684,-5.6351,-1.27556,6.36203,2.98121,-1.12721,-4.63879,-2.4838,-1.1373,-3.14474,-2.88374,-1.91226,-1.29282,"(mean value, continuous-time average)"1 
55.000000000,258.562267573,mean,-640.599,46.6285,-2.29543,-6.04716,1.55952,-3.754,-9.10079,-5.48351,0.579759,-2.41635,-0.0554362,2.05906,0.351538,-2.12435,-1.71322,-0.552804,-2.02381,-3.11399,-1.31523,-1.18517,-1.02583,"(mean value, continuous-time average)"1 
0.000000000,5.000000000,mean,-737.721,36.2869,1.21773,-9.13531,11.9391,11.1638,-5.126,-6.86014,7.41649,4.51186,-4.49991,-4.45315,4.16607,5.9988,0.544549,-1.96488,-0.768351,-0.791291,-2.14088,-4.12249,-1.77904,"(mean value, continuous-time average)"1 
5.000000000,9.489251700,mean,-726.324,38.4407,5.75775,-4.25805,17.1504,12.3013,-6.9953,-11.1687,4.72632,7.5935,-1.61963,-7.01252,-0.564299,2.90389,-1.5748,-3.86972,0.248246,2.75138,0.147134,-2.61004,0.14301,"(mean value, continuous-time average)"1 
0.000000000,5.000000000,mean,-732.509,44.659,12.0285,-5.50895,1.29618,-0.476562,-0.36461,-1.09789,0.822019,0.740365,1.82118,1.31837,2.63754,2.75077,2.74247,1.44125,0.499766,0.0628988,-1.39363,-3.69339,-2.50519,"(mean value, continuous-time average)"1 
5.000000000,15.000000000,mean,-551.983,66.5205,-10.0752,-4.95382,-4.80409,1.79514,-7.33481,0.00782045,3.1396,-1.71021,-1.09286,-0.582436,0.428467,0.613343,0.737452,0.922765,0.245489,0.338268,-0.952627,-1.82738,-1.60461,"(mean value, continuous-time average)"1 
20.000000000,5.000000000,mean,-567.816,62.3502,-5.08153,-4.61364,-7.59562,0.420031,-5.57223,0.185882,2.05515,-2.16319,-0.826166,0.790611,2.04775,1.83794,-1.20425,-2.01744,-1.70828,0.633256,1.15276,0.68266,-0.768797,"(mean value, continuous-time average)"1 
25.000000000,0.634829931,mean,-774.838,0.0179382,24.684,11.17,9.93768,6.67136,5.69173,3.49638,3.02107,2.16003,3.54914,1.6838,3.29607,1.96106,1.29434,1.54499,2.21962,2.54616,1.77495,0.349941,-0.07217,"(mean value, continuous-time average)"1 
0.000000000,5.000000000,mean,-745.959,36.4162,13.5893,1.52394,13.0388,10.0971,-1.06313,-3.69286,4.58242,4.38772,1.10066,-1.71278,1.08218,2.14227,-0.160201,0.36108,2.28146,1.61915,0.236164,-1.73342,0.169792,"(mean value, continuous-time average)"1 
5.000000000,15.000000000,mean,-598.005,50.307,-7.69093,1.21924,14.2566,13.2559,-8.01521,-4.91011,7.53877,0.84436,-2.84815,-2.43205,0.406869,1.53928,-1.63189,0.362088,-0.481018,-0.29262,-0.00303619,-2.92247,-0.619786,"(mean value, continuous-time average)"1 
20.000000000,5.000000000,mean,-617.362,48.0321,-1.98316,2.45175,14.0974,12.9334,-4.36334,-5.7337,3.34022,-1.96698,-3.10921,-2.54381,-2.4287,0.582946,0.771938,0.499524,1.10336,-0.0624014,-0.638424,-1.85691,-0.0386805,"(mean value, continuous-time average)"1 
25.000000000,25.000000000,mean,-628.344,51.3469,-3.32875,-4.7952,13.5148,10.2328,-6.42223,-5.95755,6.80174,1.7938,-4.05634,-3.7546,1.21172,2.25978,-1.07855,-0.558277,0.976145,0.529356,0.168744,-1.03952,0.764917,"(mean value, continuous-time average)"1 
50.000000000,5.000000000,mean,-657.208,39.6554,3.57166,-2.14886,8.4211,1.32577,-10.9101,-2.42667,13.3436,7.41827,-3.16275,-3.91231,2.86633,5.9047,3.21923,0.400337,0.606461,0.200994,-2.8421,-4.29994,-1.43858,"(mean value, continuous-time average)"1 
55.000000000,67.972879818,mean,-599.852,46.8312,-8.98856,-0.907111,8.61544,8.92049,-8.11338,-5.53397,4.21278,3.01629,-2.18824,-3.24012,-0.0697119,2.23444,-0.69729,-0.147644,-0.25905,0.534298,-0.836252,-2.46274,-1.39357,"(mean value, continuous-time average)"1 
0.000000000,5.000000000,mean,-627.51,55.5519,-14.6386,4.28524,9.63921,8.04954,-12.1098,-4.892,-5.21658,-8.65463,-4.13994,-3.4252,-2.91052,-1.54598,1.69002,3.00802,2.38965,3.49669,0.0955154,-1.27971,-2.61392,"(mean value, continuous-time average)"1 
5.000000000,15.000000000,mean,-540.01,74.4011,-13.3723,-1.43687,1.41663,2.3906,-9.81484,-1.80376,0.660497,-6.59437,-2.35379,1.06618,2.68045,3.15957,4.20153,4.2357,1.0204,0.225635,-3.16047,-3.93978,-2.52154,"(mean value, continuous-time average)"1 
20.000000000,5.000000000,mean,-558.512,78.0097,-7.80146,1.10265,13.3232,5.60222,-8.16768,-1.30166,3.67653,-4.20957,-3.0175,-1.01163,-1.30291,0.954124,2.89143,3.60084,3.0283,3.06538,1.14288,-1.12834,-1.9509,"(mean value, continuous-time average)"1 
25.000000000,25.000000000,mean,-563.641,72.7125,-8.33331,0.131479,8.82735,4.31525,-8.30646,-2.93632,0.97795,-5.32332,-2.6606,-0.622326,0.0836273,0.784205,1.5649,2.52763,1.32335,0.942436,-0.593565,-1.79375,-1.94353,"(mean value, continuous-time average)"1 
50.000000000,5.000000000,mean,-536.53,82.2301,-12.7228,-0.919407,1.26698,-3.38459,-9.48988,0.321721,7.59422,-2.81525,-5.69936,-3.24707,-0.447357,1.66869,3.30513,4.72994,2.85956,1.14493,-1.0041,-2.76096,-2.17279,"(mean value, continuous-time average)"1 
55.000000000,39.365895691,mean,-631.141,67.7088,-2.43222,-2.97051,4.84212,0.0462474,-6.02183,-0.0582118,2.98577,-3.00506,-3.08793,-1.90054,-0.0495889,1.18844,2.13222,2.10585,1.11859,0.155945,-0.61623,-0.924649,-0.404753,"(mean value, continuous-time average)"1 
0.000000000,5.000000000,mean,-740.546,36.9759,6.86194,-9.67378,7.14721,8.57637,-5.50847,-9.74766,2.74095,4.18177,-2.14551,-5.35949,0.624988,4.64956,0.817446,-1.99066,-0.353689,1.49653,-0.250078,-2.48545,0.0913023,"(mean value, continuous-time average)"1 
5.000000000,15.000000000,mean,-604.383,46.9565,-4.82132,3.86953,12.6734,10.2852,-5.03924,-3.34856,5.06233,2.23837,-1.99513,-4.58252,-0.277837,3.63882,1.98051,2.55404,2.1342,1.32485,0.636515,-0.473429,0.398452,"(mean value, continuous-time average)"1 
20.000000000,5.000000000,mean,-581.734,48.8449,-10.6345,3.01705,6.96252,8.81601,-7.05236,-3.74356,4.66186,-1.80603,-5.67476,-6.37989,-0.804572,1.55567,-1.31999,-0.463397,-1.04786,-0.369263,-0.773592,-1.10384,-0.609384,"(mean value, continuous-time average)"1 
25.000000000,25.000000000,mean,-574.938,50.612,-13.5282,0.351004,12.5071,13.8054,-6.37668,-4.52992,3.294,-0.62358,-2.67508,-2.27049,0.000406337,2.59119,0.812934,3.83571,2.26325,1.8078,1.66828,-0.0160935,0.594065,"(mean value, continuous-time average)"1 
50.000000000,5.000000000,mean,-552.19,51.1303,-18.1951,1.90136,11.9551,17.0379,-7.66098,-6.21842,1.28404,-2.51747,-2.74097,-2.51553,-0.589282,3.70008,0.188777,3.16413,-0.0272385,-0.230091,-0.923164,-2.55652,-1.53613,"(mean value, continuous-time average)"1 
55.000000000,183.143854874,mean,-610.161,49.0283,-8.69648,-1.13393,11.4948,9.87315,-9.17145,-5.14586,6.90096,1.82344,-3.16093,-3.35985,0.799188,1.73639,-1.29715,0.292757,-0.367994,0.3206,-0.244934,-1.9495,0.0490518,"(mean value, continuous-time average)"1 
0.000000000,5.000000000,mean,-728.397,39.0191,0.283753,-6.54629,-0.216915,-6.21005,-1.91483,1.24987,3.03595,-0.0982041,-2.8753,-2.30719,2.54373,-1.23225,-5.00854,-0.297754,3.3773,2.7198,0.591189,-2.30398,-2.88657,"(mean value, continuous-time average)"1 
5.000000000,15.000000000,mean,-619.933,50.9769,-8.75672,-8.65387,0.244943,-5.50749,-8.45235,-1.99382,1.86791,-3.3618,-1.11442,-0.449793,2.28288,1.26898,0.0360136,3.1377,1.9849,0.519202,-0.85382,-3.27685,-3.77139,"(mean value, continuous-time average)"1 
20.000000000,5.000000000,mean,-635.284,49.5766,-5.31147,-10.2719,-0.900213,-5.24768,-1.01271,0.621161,-1.71357,-8.67709,-10.843,-8.62783,-0.0327623,5.15888,4.60079,3.23466,1.71149,-0.553434,-0.0738775,1.69921,3.18741,"(mean value, continuous-time average)"1 
25.000000000,25.000000000,mean,-620.965,49.9035,-2.52131,-5.06042,-3.54949,-3.12148,-5.74078,1.73177,7.09052,-4.63671,-5.10804,0.758325,4.83452,4.55599,3.8158,4.12443,-2.13529,-6.06189,-5.80537,-4.10619,0.240195,"(mean value, continuous-time average)"1 
50.000000000,5.000000000,mean,-634.034,48.2741,-9.33117,-8.91884,2.33117,-3.30303,2.50516,2.62541,-1.01375,-4.08171,-2.2083,-0.224541,4.18511,1.40156,-3.86635,-4.57945,-4.52377,-0.460455,3.29686,2.47211,2.34832,"(mean value, continuous-time average)"1 
55.000000000,37.136780044,mean,-680.179,49.5159,-0.866253,-5.51597,3.91775,-1.47307,-4.6592,-1.65069,0.754214,-3.01063,-0.991969,0.324606,2.55365,1.68295,1.46811,1.69251,-1.38002,-2.05234,-2.58752,-4.53243,-2.09214,"(mean value, continuous-time average)"1 
0.000000000,5.000000000,mean,-716.198,42.3335,1.3632,-2.36678,0.913785,-2.53547,4.47178,3.95418,2.41326,1.43654,-2.33927,-3.36774,0.873963,1.14799,2.4222,2.08702,-0.637374,-1.38291,-1.49967,-3.55999,-3.78855,"(mean value, continuous-time average)"1 
5.000000000,15.000000000,mean,-624.359,49.3171,-8.09777,-4.22776,2.0804,-3.85604,1.73052,1.09992,0.184277,-0.406581,-3.90587,-4.27254,0.869222,0.336376,0.0889912,0.0899979,0.262839,0.986476,0.983692,-1.23156,-2.38464,"(mean value, continuous-time average)"1 
20.000000000,5.000000000,mean,-614.229,48.5144,-12.2994,-7.70931,2.31999,-1.07385,-11.5092,-5.48799,1.47297,-3.04359,-0.0546698,3.06326,5.45402,1.6741,0.417618,4.67164,0.72736,-4.75903,-6.41441,-6.83092,-2.5516,"(mean value, continuous-time average)"1 
25.000000000,25.000000000,mean,-611.461,49.4871,-14.3388,-6.02106,3.31659,-3.33973,-6.00344,-3.44006,-0.986188,-4.20308,-3.4928,-1.61644,2.77804,2.21005,0.887186,2.74865,0.983996,-0.457317,-0.741976,-2.76306,-2.49714,"(mean value, continuous-time average)"1 
50.000000000,5.000000000,mean,-611.27,50.8924,-13.647,-3.99458,7.51624,-1.62649,-8.38252,-3.85825,-1.75941,-5.84886,-2.37665,-0.639633,1.49493,2.35696,2.96006,4.11378,1.60909,-1.11319,-5.18828,-5.93212,-1.95902,"(mean value, continuous-time average)"1 
55.000000000,188.345124716,mean,-628.499,49.1084,-10.4631,-5.53188,1.80449,-4.01494,-4.76906,-2.72892,0.680103,-1.32806,-2.31722,-0.681737,2.64708,0.0881672,-0.0659146,1.56355,-0.425898,-1.44567,-1.6753,-2.95487,-2.31638,"(mean value, continuous-time average)"1 
0.000000000,5.000000000,mean,-394.657,27.1309,-19.0002,13.5728,-11.7281,5.99656,-10.2277,2.19235,-3.97151,4.34473,-3.85694,0.390265,-6.36089,3.12088,-2.72044,4.12137,-4.61171,1.86623,-1.63217,0.312547,-2.83849,"(mean value, continuous-time average)"2 
5.000000000,15.000000000,mean,-328.669,28.8288,-25.6627,16.87,-12.1055,6.8111,-11.3249,2.01742,-3.76926,5.98878,-4.61377,-0.37559,-8.0419,3.29888,-2.4564,4.94876,-4.91644,2.37969,-1.92301,0.0410608,-3.4811,"(mean value, continuous-time average)"2 
20.000000000,5.000000000,mean,-377.348,53.3163,-14.5465,15.1592,-12.7588,3.14499,-11.2888,6.1461,-5.06794,-0.469638,-3.55922,1.22087,-4.32245,1.39657,-2.18995,2.32917,-2.97744,1.65489,-3.68359,0.114951,-4.44239,"(mean value, continuous-time average)"2 
25.000000000,25.000000000,mean,-386.232,56.4688,-16.7902,17.0715,-3.91873,6.66512,-9.81358,3.70741,-4.04255,3.17366,-3.33376,-0.0926388,-4.36549,1.90238,-0.372869,2.69927,-3.42589,1.83071,-2.5327,-0.158633,-3.65619,"(mean value, continuous-time average)"2 
50.000000000,5.000000000,mean,-395.553,53.7152,-10.1994,17.5486,-8.45735,5.01187,-12.0101,3.44622,-4.17606,1.12671,-4.18496,-1.2006,-5.45015,0.316299,-1.75137,0.609089,-2.96797,1.67093,-3.29149,-0.483289,-4.04762,"(mean value, continuous-time average)"2 
55.000000000,165.682448979,mean,-402.011,50.4122,-15.2781,15.4608,-6.95467,5.90424,-9.85395,3.01063,-3.57615,3.45274,-4.04715,0.0776414,-5.00588,1.57976,-1.85357,2.5837,-3.92477,1.67057,-2.12597,0.250716,-3.31851,"(mean value, continuous-time average)"2 
0.000000000,5.000000000,mean,-751.513,29.6088,7.54269,0.864604,11.7726,5.17898,-6.88484,-6.08265,7.3712,2.2424,-2.47603,-0.551167,-0.212466,0.0543733,-0.425623,-0.714212,1.35466,0.516904,-0.681538,-2.04441,-0.67641,"(mean value, continuous-time average)"1 
5.000000000,15.000000000,mean,-631.635,44.4686,-11.9033,-8.9077,8.48908,8.60871,-8.24291,-10.8033,8.5212,4.13989,-6.45421,-4.31499,1.93434,2.90011,-3.427,-5.40446,0.366003,1.78596,0.22715,-0.287763,0.661118,"(mean value, continuous-time average)"1 
20.000000000,5.000000000,mean,-605.13,51.0357,-0.766927,3.3835,14.369,14.0981,-5.7462,-7.596,1.69426,1.61731,-3.10121,-0.558172,1.71576,1.70571,-0.88909,-1.63684,1.0373,-0.454654,-1.70546,-0.565557,0.209872,"(mean value, continuous-time average)"1 
25.000000000,25.000000000,mean,-550.498,50.5069,-21.4259,-1.30656,10.9014,16.0013,-9.70077,-5.10515,3.80428,-0.635856,-3.36211,-0.96525,0.343382,1.17354,-2.0809,3.04727,1.01971,0.180205,0.0773441,-0.220655,0.6955,"(mean value, continuous-time average)"1 
50.000000000,5.000000000,mean,-618.106,54.6885,1.69267,4.21307,14.3775,4.6008,-4.96457,-1.50027,4.90419,3.65624,2.5571,0.729352,0.681327,0.0076375,1.41114,2.93099,2.83144,1.55637,-0.474856,-1.37909,-1.73881,"(mean value, continuous-time average)"1 
55.000000000,29.334875283,mean,-657.432,50.5974,2.72304,-0.785194,14.31,9.21186,-5.82051,-4.32781,3.37611,0.860548,-0.406852,-0.671229,1.57139,0.46712,-0.394159,2.7057,1.96929,1.17517,0.575391,0.0609808,1.3018,"(mean value, continuous-time average)"1 
0.000000000,5.000000000,mean,-626.796,58.6373,-13.8417,2.1547,4.29815,4.89049,-6.16261,0.993693,1.87714,-1.60004,-0.723722,0.981066,1.16642,1.03711,0.378658,1.66915,0.0830984,0.379529,-0.85022,-2.65215,-3.75375,"(mean value, continuous-time average)"1 
5.000000000,15.000000000,mean,-517.518,74.9971,-19.2304,3.57251,5.18792,2.88202,-7.04583,-1.52303,-0.298931,-2.20848,-1.43811,0.320516,-0.59343,-0.0714816,0.00342258,0.511655,-1.69089,-1.53799,-0.317871,1.08008,1.45512,"(mean value, continuous-time average)"1 
20.000000000,5.000000000,mean,-514.049,72.9096,-23.7398,2.48227,2.78873,0.342135,-9.81338,-0.686099,2.64322,-1.32539,-0.868225,-0.843852,-2.2605,0.953269,3.01347,3.52775,-0.0804683,-4.4283,-6.10818,-4.58307,-0.875265,"(mean value, continuous-time average)"1 
25.000000000,25.000000000,mean,-526.828,72.6396,-17.1992,2.85044,4.57671,2.83224,-7.89152,-1.35538,1.01462,-1.74809,-0.614814,0.654949,-0.856537,0.595512,1.24937,1.58961,-0.77244,-1.94309,-1.97324,-1.26747,0.324041,"(mean value, continuous-time average)"1 
50.000000000,5.000000000,mean,-543.533,66.4495,-15.4334,-2.00515,-2.02483,-1.53892,-8.85911,-0.835787,1.75416,-1.08845,-2.5902,-0.152,0.0358917,3.36411,3.85724,2.29656,-2.2112,-3.64452,-4.33064,-2.42809,-0.486634,"(mean value, continuous-time average)"1 
55.000000000,56.827301586,mean,-565.013,69.9027,-12.979,1.90697,4.20612,1.08202,-7.0466,-1.03458,-0.20289,-2.58177,-1.57976,0.0690003,-0.519418,0.376949,1.14463,1.34945,-0.641831,-0.876979,-0.556673,-0.723771,-0.192393,"(mean value, continuous-time average)"1 
0.000000000,5.000000000,mean,-705.343,36.4447,-4.78186,2.54646,10.825,5.94601,-8.80136,-2.78057,13.7253,3.17183,-4.45255,1.06481,3.72223,1.41313,-2.62462,-2.03998,1.04355,0.653269,0.475742,-0.430345,-0.229246,"(mean value, continuous-time average)"1 
5.000000000,15.000000000,mean,-639.882,42.3533,0.17211,-6.85976,8.48574,13.8126,-9.86751,-14.2522,4.54002,3.27625,-2.59411,-5.08884,-2.19559,2.77772,-0.0894126,-1.4545,0.319424,-0.881397,-2.49224,-2.59888,-2.23477,"(mean value, continuous-time average)"1 
20.000000000,5.000000000,mean,-639.919,39.0657,0.960482,1.43581,7.80734,5.12947,-8.02528,-9.30512,3.62716,2.09631,-2.35698,-2.53067,-1.47455,-1.54113,-3.05088,-0.436299,3.36725,1.05286,-0.880344,-1.05127,0.546927,"(mean value, continuous-time average)"1 
25.000000000,25.000000000,mean,-592.529,48.0611,-9.02977,-0.575941,9.68251,11.6549,-9.6846,-6.6581,5.5416,0.0661251,-4.05608,-5.17334,-2.21864,0.138059,-1.07952,1.72029,-0.0847246,-0.391886,0.208439,-1.72658,-0.392226,"(mean value, continuous-time average)"1 
50.000000000,5.000000000,mean,-632.429,51.1813,3.10966,1.29482,12.2018,6.39458,-4.51527,-4.75037,5.63471,3.22776,-0.364122,-1.55607,-0.408277,0.548545,-0.528097,0.464228,2.57494,1.12474,0.936259,-0.292077,-0.638343,"(mean value, continuous-time average)"1 
55.000000000,24.133605441,mean,-659.196,43.1614,-0.257742,-3.54486,7.61605,13.4389,-5.91641,-10.9589,5.80531,1.1601,-3.16354,-2.69369,-1.0749,1.33042,-1.45755,-2.30608,-0.230859,-0.216379,-0.46816,-1.43355,-1.13153,"(mean value, continuous-time average)"1 
0.000000000,5.000000000,mean,-610.569,61.2819,-16.6802,6.39928,9.30626,6.31331,-8.152,-3.14058,-2.0237,-4.60877,-2.12695,-0.0225007,-1.49684,-2.23847,-0.694212,1.95595,1.25455,0.826978,-0.578058,-2.06711,-2.94385,"(mean value, continuous-time average)"1 
5.000000000,15.000000000,mean,-511.476,73.749,-20.496,4.71247,4.94747,4.18912,-6.83346,-1.37286,0.307164,-3.24632,-2.74205,0.885996,0.228619,-0.0440926,0.171546,0.803045,-2.26882,-2.83491,-2.05407,-1.39849,0.608446,"(mean value, continuous-time average)"1 
20.000000000,5.000000000,mean,-535.21,70.4648,-15.4974,6.58921,7.09395,2.74425,-6.52568,-1.39752,1.50814,-2.71644,-2.66973,0.132153,-1.05381,0.214587,3.63033,3.71676,-1.41522,-2.95435,-4.82225,-5.94561,-2.44068,"(mean value, continuous-time average)"1 
25.000000000,25.000000000,mean,-528.759,72.9603,-17.3471,3.38802,7.02436,4.25016,-6.89441,-2.48054,-0.780673,-3.79509,-2.00112,0.825253,-0.758172,-0.720158,-0.034247,1.14392,-0.871416,-2.22421,-2.18447,-2.36807,-0.704078,"(mean value, continuous-time average)"1 
50.000000000,5.000000000,mean,-530.172,66.7121,-17.2173,1.03167,1.98936,4.92435,-7.57461,-2.49931,-0.963282,-2.52064,-1.28504,1.70272,0.307591,1.8824,2.05513,2.296,-1.14892,-1.51693,-3.53932,-4.26864,-2.2945,"(mean value, continuous-time average)"1 
55.000000000,58.313378684,mean,-585.077,69.5457,-8.50262,1.60676,5.2978,0.982187,-6.75467,-1.80232,0.603227,-2.14947,-1.63354,0.10642,-0.579959,-0.751154,0.464261,1.28179,-0.772317,-1.87075,-1.62663,-1.67467,-0.665613,"(mean value, continuous-time average)"1 
0.000000000,5.000000000,mean,-750.721,25.7472,10.0491,5.52739,12.2723,8.66129,-2.47037,-4.31351,5.33553,3.04988,-0.985692,-1.76285,0.598809,0.825695,-1.40749,-0.97723,1.44176,1.04126,-0.130317,-0.595671,0.161907,"(mean value, continuous-time average)"1 
5.000000000,15.000000000,mean,-685.708,28.5639,8.66407,-2.18552,10.5562,11.8143,-1.54134,-6.39436,4.97155,5.2363,-1.53977,-4.92721,1.17353,4.43175,-0.831739,-4.22125,-1.58988,-0.378837,-1.13147,-1.22994,1.1041,"(mean value, continuous-time average)"1 
20.000000000,5.000000000,mean,-632.485,55.3277,9.77548,0.892559,14.9117,13.4395,-1.39989,-4.02946,1.73333,-0.686658,-0.454514,-2.75091,-0.507488,0.0179615,-2.48403,-2.18344,-0.678611,1.00221,0.583104,-0.38671,1.21826,"(mean value, continuous-time average)"1 
25.000000000,25.000000000,mean,-635.348,54.1101,9.74754,2.29762,15.5989,9.60028,-3.16785,-2.74543,3.52336,1.12993,0.0734468,-3.18087,-1.33304,0.257643,-2.26053,-1.35407,1.23845,1.94853,-0.146395,-1.92305,0.707587,"(mean value, continuous-time average)"1 
50.000000000,5.000000000,mean,-674.528,31.6659,3.8524,-7.74442,11.7707,18.056,-2.27655,-14.9079,-3.39065,3.1772,-1.11426,-7.69759,-1.47713,6.18974,0.114643,-4.47439,-0.797679,2.35778,1.24201,-1.75496,-0.548847,"(mean value, continuous-time average)"1 
55.000000000,72.059591836,mean,-691.739,38.5895,15.5097,4.31248,15.4912,11.1606,-3.04052,-3.70865,6.37125,3.485,-1.73229,-3.49945,-0.311793,0.151073,-2.04408,-0.886702,1.38787,1.12094,0.553278,-0.202829,0.761887,"(mean value, continuous-time average)"1 
0.000000000,5.000000000,mean,-673.686,55.4665,-4.88453,-1.41503,9.00076,3.50081,-3.87322,2.57065,7.114,5.03172,1.79129,0.345098,3.46464,-0.0839326,-5.22495,-3.77533,-1.39513,-0.99259,1.90068,2.10935,1.43626,"(mean value, continuous-time average)"1 
5.000000000,15.000000000,mean,-538.237,66.9925,-23.6226,-6.25637,7.14033,4.27522,-10.33,0.0663008,7.49232,3.99388,0.06832,-1.04459,1.06416,1.37825,-2.14087,-0.970724,0.869234,0.298497,-0.494858,-1.37099,-1.80133,"(mean value, continuous-time average)"1 
20.000000000,5.000000000,mean,-539.799,70.1352,-25.2768,-7.52606,14.1923,11.0846,-10.3981,0.925775,11.8192,2.3414,-1.82629,-2.3504,3.4304,3.4119,-0.601763,2.01391,1.92164,-0.231688,-2.73496,-2.53385,0.445596,"(mean value, continuous-time average)"1 
25.000000000,25.000000000,mean,-581.264,70.6098,-2.43583,-0.711668,9.61965,2.93616,-5.776,0.639086,7.14341,1.39269,-0.896409,-2.17259,-2.26789,-1.96435,-1.12605,1.1222,1.65317,1.00688,0.0928967,-1.35854,-0.909378,"(mean value, continuous-time average)"1 
50.000000000,5.000000000,mean,-523.073,66.081,-28.0634,-9.23591,2.38592,4.28971,-12.1269,-1.51739,3.9407,3.95627,0.185046,-0.720406,-0.0644147,0.773579,-5.32865,-0.970804,1.95075,3.61913,0.395617,-2.42164,-1.47129,"(mean value, continuous-time average)"1 
55.000000000,131.131156462,mean,-574.958,70.3578,-14.0884,-5.62847,9.9797,4.91608,-9.02215,-0.985367,8.54526,1.61492,-2.71222,-1.17552,1.27588,1.42459,-1.08708,0.671567,1.5938,0.730451,-0.00249112,-0.55394,-0.0715408,"(mean value, continuous-time average)"1 
0.000000000,5.000000000,mean,-723.188,25.0458,-10.4514,3.156,5.98954,3.33514,7.43612,-0.791687,2.61702,1.90352,-0.52698,6.0818,8.49344,2.74701,1.87883,1.3133,0.35347,0.1179,-1.97386,-3.52239,-1.30029,"(mean value, continuous-time average)"1 
5.000000000,15.000000000,mean,-594.834,51.6609,-7.43611,6.84917,3.61357,2.7025,3.16385,-0.416129,1.93015,0.11551,-0.884743,1.22071,3.16779,-1.23016,-2.69788,-3.29882,-3.06554,-1.20551,0.468412,0.445234,-0.143466,"(mean value, continuous-time average)"1 
20.000000000,5.000000000,mean,-604.819,51.6876,-5.40391,7.66246,7.24172,3.30697,5.51623,0.217198,3.11223,1.20149,-1.60252,0.931764,4.82,0.830325,-0.804888,1.04821,0.509667,-1.28463,0.404384,-0.00418761,-0.566029,"(mean value, continuous-time average)"1 
25.000000000,25.000000000,mean,-591.346,54.2619,-9.77995,1.12117,8.3906,7.71385,1.28844,-0.235517,3.51228,-0.191522,-3.26532,1.00953,5.09421,0.0579473,-4.21667,-2.06596,-0.161318,-0.714601,-0.209713,-1.19304,-1.20832,"(mean value, continuous-time average)"1 
50.000000000,5.000000000,mean,-568.973,77.9032,1.72619,-5.77275,0.484513,2.03042,-6.86203,-4.53691,1.04,-3.55119,-0.093102,3.95518,3.66801,2.96685,2.56761,0.11906,-2.36949,-4.42387,-1.99321,0.0664591,1.47823,"(mean value, continuous-time average)"1 
55.000000000,319.862947845,mean,-571.833,63.3251,-9.99241,-1.41659,5.31312,3.7847,-5.93793,-1.50068,6.19459,-0.765042,-2.68009,0.865827,3.41514,1.21707,-0.940277,-0.47367,-0.463253,-1.087,-0.70958,-1.46559,-0.527242,"(mean value, continuous-time average)"1 
0.000000000,5.000000000,mean,-749.164,24.7504,1.68005,-5.27142,12.4407,15.2565,-0.356394,-8.33178,0.679381,2.16188,-1.09913,-5.03665,-2.81915,-0.30858,-2.4248,-1.5032,2.1004,1.48011,0.77849,0.574647,1.98438,"(mean value, continuous-time average)"1 
5.000000000,15.000000000,mean,-645.406,37.6442,-2.51195,-7.13951,9.41686,12.6944,-5.23762,-8.93337,5.13484,3.74513,-3.08728,-6.64776,-0.0441129,4.45439,-2.065,-3.70216,-0.354492,0.97625,0.650761,-2.21335,-0.83294,"(mean value, continuous-time average)"1 
20.000000000,5.000000000,mean,-562.339,49.8728,-9.94109,5.96123,11.9765,16.5346,-7.30143,-4.37719,4.93044,0.195452,-4.45461,-2.60493,-1.06815,0.147617,-2.48126,0.105986,-0.021949,-0.104934,1.29943,-1.86861,-0.803888,"(mean value, continuous-time average)"1 
25.000000000,25.000000000,mean,-617.608,46.3226,1.18389,5.13013,14.6848,12.5189,-4.98038,-4.82258,5.7794,0.944761,-2.19605,-1.95686,-1.59585,-0.972623,-2.66592,0.434801,1.92875,0.776313,0.428566,-1.59135,-0.00878213,"(mean value, continuous-time average)"1 
50.000000000,4.241814058,mean,-1096.62,33.3807,16.394,6.92838,13.8867,5.86582,2.48892,0.650592,-0.327548,-0.406787,3.73267,2.979,-0.141235,-1.8371,-1.12147,-0.177361,0.65294,-0.0381564,-0.65623,-1.97987,-1.36142,"(mean value, continuous-time average)"1 
0.000000000,5.000000000,mean,-709.939,44.5879,0.0918817,-8.60714,9.60692,13.5074,-8.12425,-10.1845,3.87729,3.49348,2.43235,-3.00844,-2.71357,3.41107,-0.158373,-3.97117,-1.73165,-0.776803,-4.17125,-4.54865,-2.6816,"(mean value, continuous-time average)"1 
5.000000000,15.000000000,mean,-603.669,55.7279,-13.9061,-14.6294,10.0882,11.7851,-19.642,-15.5803,5.24749,1.15131,-2.71486,-8.42252,-3.46913,3.38806,0.526748,-0.62884,1.38035,1.25349,-1.42677,-2.85179,-3.41546,"(mean value, continuous-time average)"1 
20.000000000,5.000000000,mean,-598.879,56.4121,-9.30752,-7.91697,8.47001,8.68525,-18.6702,-14.8509,7.10927,2.97209,-0.245871,-6.68852,-4.16532,4.44399,2.09165,-0.491564,1.23442,1.32827,-2.68504,-5.40583,-4.98042,"(mean value, continuous-time average)"1 
25.000000000,25.000000000,mean,-603.336,52.0799,-13.5068,-13.0514,9.07382,14.8288,-14.0173,-14.926,2.02769,-0.256886,-3.56923,-6.82204,-3.68293,3.60157,1.23042,-2.04511,-0.190694,-0.429046,-3.10011,-3.45588,-2.41143,"(mean value, continuous-time average)"1 
50.000000000,5.000000000,mean,-591.648,59.5333,-15.9832,-12.5123,13.959,23.3573,-11.5697,-16.3266,6.63826,-0.255631,-3.40738,-6.83333,-5.07802,5.95559,3.38319,-1.5424,1.19022,1.19295,-1.32355,-1.83018,-1.81729,"(mean value, continuous-time average)"1 
55.000000000,26.734240362,mean,-640.1,50.9204,-3.66952,-5.99425,9.7875,14.7363,-6.66041,-9.7574,2.57011,0.327144,-2.74154,-3.63243,-2.57864,1.94017,1.8466,-0.898482,-0.802679,-0.434209,-2.39549,-1.89333,-1.2753,"(mean value, continuous-time average)"1 
0.000000000,5.000000000,mean,-710.957,49.4212,3.40996,1.88943,11.0464,1.39578,0.498542,1.24171,1.21271,2.19079,4.81626,1.899,-0.515027,-0.989935,0.197634,0.353626,0.655824,0.656504,-0.879521,-3.09889,-2.11507,"(mean value, continuous-time average)"1 
5.000000000,15.000000000,mean,-617.979,60.9032,0.816918,2.29951,12.3262,1.72132,-1.51939,-1.26921,-0.152492,0.979919,4.4547,0.914387,-1.97369,-0.984859,1.23334,1.58966,1.3322,0.941469,-0.538294,-2.87051,-2.28032,"(mean value, continuous-time average)"1 
20.000000000,5.000000000,mean,-625.729,58.411,0.684657,-0.235717,11.6196,2.20074,-0.556015,-0.706447,0.0793903,0.258041,3.81736,1.0801,-2.23557,-1.97807,0.242637,1.43986,1.78222,1.91047,1.33851,-0.880486,-1.141,"(mean value, continuous-time average)"1 
25.000000000,25.000000000,mean,-601.677,55.5854,-12.1452,-8.71123,10.0947,15.2243,-11.388,-16.0116,3.86941,1.81942,-1.59978,-5.7886,-4.36345,2.27856,-0.0601432,-2.89381,-0.472376,0.701501,-0.735764,-2.54483,-2.94413,"(mean value, continuous-time average)"1 
50.000000000,5.000000000,mean,-611.292,56.8489,-6.05106,-6.48469,6.83204,2.93173,-15.5125,-8.57057,7.48257,1.87349,-1.54428,-4.32366,-1.25117,0.884573,-1.29984,1.27977,2.37961,-0.057567,-0.0435536,-1.45925,-2.75333,"(mean value, continuous-time average)"1 
55.000000000,340.668027210,mean,-604.416,56.0157,-9.76337,-5.36269,9.15688,11.3759,-9.65567,-12.6205,3.34905,1.33794,-2.11151,-4.43649,-3.59528,1.76381,0.764353,-1.39254,0.549313,0.934141,-2.40736,-3.77326,-2.68803,"(mean value, continuous-time average)"1 
0.000000000,5.000000000,mean,-473.117,75.0313,-36.5311,9.69196,8.88254,-0.609342,1.2481,0.683734,-0.881754,6.28773,-2.22319,-4.97405,-6.30404,3.05574,-0.40621,2.76969,-6.08043,-1.76372,-2.30962,-1.36123,-2.14649,"(mean value, continuous-time average)"2 
5.000000000,15.000000000,mean,-325.977,19.6116,-19.0937,17.3687,-3.92131,11.3068,-4.94224,5.68164,2.5897,2.18861,0.345054,-0.1143,-5.98871,0.9659,0.255085,4.78491,-7.2742,-0.406257,-0.196486,-2.03994,-2.63624,"(mean value, continuous-time average)"2 
20.000000000,5.000000000,mean,-314.542,12.2442,-20.1472,16.9089,-6.86546,12.3749,-6.3528,5.13576,2.53461,1.25868,0.430725,0.2486,-5.9412,1.42062,1.18624,5.23579,-8.0419,-0.329271,0.396215,-2.27963,-2.12205,"(mean value, continuous-time average)"2 
25.000000000,25.000000000,mean,-322.661,12.8834,-20.4579,14.4884,-6.09842,10.3853,-7.18406,4.33836,2.45115,0.636528,0.557008,1.04126,-4.85344,1.44236,-0.273596,4.04207,-6.38834,1.09891,0.551374,-1.23422,-1.4587,"(mean value, continuous-time average)"2 
50.000000000,5.000000000,mean,-357.847,7.43803,-20.0613,7.80178,-4.17226,2.74081,-10.6119,2.22007,0.648709,-0.0773512,-3.48142,-0.585339,-3.26569,1.59978,-2.78683,1.27701,-6.48996,-0.0204654,-0.907349,0.286883,-0.404723,"(mean value, continuous-time average)"2 
55.000000000,143.019773242,mean,-353.829,14.8855,-22.0397,12.1569,-6.02102,9.74536,-6.90194,3.47755,1.49904,1.73848,-0.524563,-0.674425,-4.83197,1.61123,0.230102,3.38724,-6.23656,0.794983,-0.588116,-0.921664,-1.33609,"(mean value, continuous-time average)"2 
0.000000000,5.000000000,mean,-770.212,20.0723,10.7817,3.36509,9.69777,5.92242,-2.71463,-0.706141,8.55598,2.47372,-1.87174,0.564512,2.19808,1.73882,0.315646,-1.16348,-0.222921,-0.0897273,-0.514756,-1.28805,0.0216009,"(mean value, continuous-time average)"1 
5.000000000,15.000000000,mean,-622.065,41.337,-5.00819,-2.77327,12.379,11.9038,-9.92605,-6.52581,7.37621,2.57726,-4.5328,-6.1708,0.252935,3.04383,-2.00127,-1.2469,0.520127,0.808689,-0.0915812,-1.4162,0.457825,"(mean value, continuous-time average)"1 
20.000000000,5.000000000,mean,-558.213,45.4212,-14.696,0.86882,3.89129,8.58653,-11.7958,-4.41276,7.23368,-0.789283,-5.69393,-2.66252,-3.19479,-0.164409,-1.76383,1.96065,0.0274245,-1.75622,-2.6457,-4.02488,-0.734673,"(mean value, continuous-time average)"1 
25.000000000,25.000000000,mean,-581.014,48.8353,-11.7257,2.76349,11.364,10.0351,-7.00877,-1.86005,7.0305,2.35156,-0.280795,-0.885343,-0.0117894,0.520349,-0.962838,0.78425,0.997577,2.14667,2.08096,-1.0936,-0.536791,"(mean value, continuous-time average)"1 
50.000000000,5.000000000,mean,-638.128,43.9121,-1.61154,-2.84348,8.65479,2.12882,-7.90806,-3.61277,8.12407,-0.201132,-4.00454,-1.96507,0.286033,2.31039,2.14451,1.91737,2.64219,1.84081,0.481074,-2.27578,-1.433,"(mean value, continuous-time average)"1 
55.000000000,40.851972788,mean,-613.351,45.5939,-10.7671,-1.51727,11.5193,14.3471,-6.60858,-6.13329,5.67278,1.74824,-2.84325,-2.36017,0.576538,1.60868,-2.76777,-0.0659003,1.05631,0.130132,0.408398,-0.368732,1.50717,"(mean value, continuous-time average)"1 
0.000000000,5.000000000,mean,-628.111,48.36,-11.1584,6.92572,3.22081,3.40117,-6.37063,2.28539,4.24449,0.700987,-2.51648,-0.87913,-0.136075,-0.316595,0.123068,0.788264,-0.543843,1.08208,0.240287,-2.22751,-1.74828,"(mean value, continuous-time average)"1 
5.000000000,15.000000000,mean,-478.68,69.5643,-28.1167,2.6662,-1.98972,3.82976,-11.6333,0.0455486,1.56981,-2.71982,-3.14708,1.75643,1.15989,2.80116,2.4891,3.72279,-0.604413,0.237591,-1.56018,-2.22677,-2.11192,"(mean value, continuous-time average)"1 
20.000000000,5.000000000,mean,-462.723,69.3894,-35.2701,-2.65168,-4.41973,6.55474,-13.4197,-2.20824,-1.27861,-6.73013,-2.42418,4.93111,2.359,1.78848,-0.0171149,2.25059,-1.66704,1.57138,-1.47202,-2.17118,-4.4316,"(mean value, continuous-time average)"1 
25.000000000,25.000000000,mean,-498.655,69.912,-24.2608,2.40757,0.236367,2.80481,-11.3949,-0.809507,0.946586,-3.90548,-2.41932,1.63101,0.737598,1.79795,2.26898,2.94462,-0.164286,0.00238585,-1.19423,-2.34431,-2.41011,"(mean value, continuous-time average)"1 
50.000000000,5.000000000,mean,-489.356,69.1041,-29.8061,-2.54149,-1.97334,5.40348,-12.2116,-1.14,1.08786,-6.5954,-2.22673,4.61069,3.03772,2.41411,1.18716,2.2907,0.579958,0.663175,-1.48842,-4.36215,-5.71801,"(mean value, continuous-time average)"1 
55.000000000,71.688072561,mean,-722.141,66.7123,-20.0293,2.79898,2.35455,2.37563,-9.73461,-0.608418,1.98995,-2.65459,-1.8815,0.104678,-0.525911,1.2556,2.33014,2.8148,0.0346123,-0.456805,-2.16,-3.37463,-3.15584,"(mean value, continuous-time average)"1 
0.000000000,5.000000000,mean,-535.459,22.6094,-5.06627,13.3053,-3.66489,4.97772,-4.04716,6.57642,-3.70352,0.528172,-1.10631,1.34519,-3.1377,-2.17118,-4.77202,0.814748,-4.42629,-0.0694751,-7.50694,-2.82134,-4.41463,"(mean value, continuous-time average)"2 
5.000000000,15.000000000,mean,-453.496,31.8737,-8.95134,9.54903,-9.79227,0.991149,-6.92489,6.91889,-4.20071,-0.68265,-2.18061,1.91021,-3.11288,-0.125959,-3.71106,1.35639,-3.73089,0.362479,-7.56171,-2.53542,-3.98118,"(mean value, continuous-time average)"2 
20.000000000,5.000000000,mean,-426.218,32.2929,-13.5173,9.46537,-3.33138,-2.58429,-10.7876,7.64728,-10.1983,4.05475,-3.07658,-0.194116,-2.67919,-0.265142,-2.76831,0.192012,-4.33711,-0.15716,-6.8933,-0.200016,-3.70731,"(mean value, continuous-time average)"2 
25.000000000,25.000000000,mean,-430.842,35.0934,-12.6323,11.5725,-3.3966,1.1126,-12.2206,2.54316,-7.33051,1.71817,-1.66275,-0.690264,-3.85841,0.437826,-3.23405,0.374298,-3.24183,-0.0987219,-6.70582,-0.303767,-3.20627,"(mean value, continuous-time average)"2 
50.000000000,5.000000000,mean,-409.106,30.0544,-16.8689,8.77049,-8.94878,2.30955,-13.0852,1.66262,-9.03371,2.52801,-0.859182,-0.861821,-4.0045,-0.350823,-4.47529,0.611769,-1.70405,0.168607,-5.58677,0.918918,-2.22098,"(mean value, continuous-time average)"2 
55.000000000,107.725442176,mean,-660.501,28.3935,-10.8341,9.11297,-6.70518,1.41699,-9.6941,1.96378,-6.17084,0.421531,-1.90965,1.13157,-3.35962,0.771069,-3.04473,0.317552,-3.32621,0.809032,-6.18161,-1.04587,-2.49789,"(mean value, continuous-time average)"2 
